1648 4
1 0 2 0 
3 5 6 4 
2 5 3 -1 
1 2 1 0 
168
0 4
-1 -1 -1 -1 
-1 0 -1 -1 
-1 -1 -1 -1 
-1 0 -1 -1 
4 4
-1 1 -1 -1 
-1 -1 -1 -1 
0 -1 -1 -1 
-1 -1 -1 -1 
4 4
0 1 -1 -1 
-1 -1 -1 -1 
-1 -1 -1 -1 
-1 0 -1 -1 
4 4
-1 -1 0 1 
-1 -1 -1 -1 
-1 -1 -1 -1 
-1 0 -1 0 
8 4
-1 -1 0 1 
-1 -1 -1 -1 
-1 -1 -1 -1 
0 -1 -1 1 
16 4
0 -1 0 2 
-1 -1 0 -1 
-1 -1 -1 -1 
-1 -1 -1 -1 
20 4
0 -1 1 2 
-1 -1 -1 0 
-1 -1 -1 -1 
-1 -1 -1 -1 
20 4
-1 0 1 2 
-1 -1 -1 0 
-1 -1 -1 -1 
-1 -1 -1 1 
20 4
-1 0 1 2 
-1 -1 -1 0 
0 -1 -1 1 
-1 -1 -1 -1 
20 4
0 0 1 2 
-1 -1 -1 0 
-1 -1 0 1 
-1 -1 -1 -1 
20 4
0 0 1 2 
-1 -1 0 0 
-1 0 -1 1 
-1 -1 -1 -1 
28 4
-1 1 1 2 
-1 -1 -1 1 
-1 -1 0 1 
-1 -1 0 -1 
36 4
-1 0 2 2 
-1 -1 -1 1 
-1 -1 0 1 
-1 -1 -1 0 
44 4
0 0 2 2 
-1 -1 0 2 
-1 -1 -1 0 
-1 -1 -1 -1 
60 4
0 0 2 3 
-1 0 0 0 
-1 -1 -1 -1 
-1 -1 -1 -1 
68 4
-1 1 2 3 
-1 -1 0 1 
-1 -1 -1 0 
-1 -1 -1 -1 
68 4
1 2 3 -1 
0 1 1 -1 
0 -1 -1 -1 
-1 -1 -1 -1 
72 4
1 2 3 -1 
1 1 1 -1 
-1 -1 -1 -1 
0 -1 -1 -1 
80 4
-1 1 2 3 
-1 -1 1 2 
-1 -1 -1 -1 
-1 0 -1 0 
80 4
0 1 2 3 
-1 0 1 2 
-1 -1 -1 0 
-1 -1 -1 -1 
80 4
0 1 2 3 
0 1 2 -1 
0 -1 -1 -1 
-1 -1 0 -1 
80 4
0 1 2 3 
-1 0 1 2 
-1 -1 -1 0 
1 -1 -1 0 
84 4
0 1 2 3 
1 0 1 2 
-1 0 -1 1 
-1 -1 -1 -1 
88 4
0 1 2 3 
1 1 1 2 
-1 -1 -1 1 
-1 -1 0 -1 
96 4
0 1 2 3 
-1 1 2 2 
-1 -1 1 1 
-1 -1 -1 0 
120 4
0 2 3 3 
-1 -1 1 2 
-1 -1 -1 1 
-1 -1 0 0 
156 4
-1 0 2 4 
-1 -1 1 2 
-1 -1 -1 1 
-1 -1 0 1 
164 4
-1 0 2 4 
-1 -1 1 2 
0 -1 0 2 
-1 -1 -1 -1 
168 4
-1 0 2 4 
-1 -1 1 2 
-1 -1 1 2 
-1 -1 0 -1 
168 4
-1 0 2 4 
0 -1 1 2 
-1 -1 1 2 
-1 -1 -1 0 
192 4
0 0 2 4 
-1 -1 2 3 
-1 -1 -1 0 
0 -1 -1 -1 
212 4
1 0 3 4 
0 -1 -1 3 
-1 -1 -1 0 
-1 -1 -1 -1 
212 4
1 0 3 4 
-1 -1 0 3 
-1 -1 -1 0 
-1 0 -1 -1 
216 4
1 1 3 4 
-1 -1 0 3 
0 -1 -1 0 
-1 -1 -1 -1 
228 4
-1 2 3 4 
-1 -1 0 3 
0 -1 -1 1 
-1 -1 -1 -1 
228 4
0 2 3 4 
-1 0 0 3 
-1 -1 -1 1 
-1 -1 -1 -1 
232 4
0 2 3 4 
-1 -1 1 3 
0 -1 -1 1 
-1 -1 -1 -1 
236 4
1 2 3 4 
-1 -1 1 3 
-1 0 -1 1 
-1 -1 -1 -1 
236 4
1 2 3 4 
-1 -1 1 3 
0 -1 0 1 
-1 -1 -1 -1 
236 4
1 2 3 4 
0 0 1 3 
-1 -1 0 1 
-1 -1 -1 -1 
240 4
1 2 3 4 
-1 1 1 3 
-1 -1 0 1 
-1 0 -1 -1 
240 4
1 2 3 4 
-1 1 1 3 
-1 0 0 1 
-1 -1 0 -1 
252 4
1 2 3 4 
-1 -1 2 3 
-1 -1 1 1 
-1 0 -1 0 
252 4
1 2 3 4 
-1 0 2 3 
0 -1 1 1 
-1 -1 -1 0 
260 4
1 2 3 4 
-1 0 2 3 
0 -1 0 2 
-1 -1 -1 0 
260 4
1 2 3 4 
0 0 2 3 
0 -1 0 2 
-1 -1 -1 0 
268 4
1 2 3 4 
-1 1 2 3 
0 -1 1 2 
-1 -1 -1 0 
268 4
1 2 3 4 
0 1 2 3 
-1 -1 1 2 
-1 0 -1 0 
272 4
1 2 3 4 
0 1 2 3 
-1 -1 1 2 
-1 -1 0 1 
272 4
1 2 3 4 
0 1 2 3 
1 2 -1 -1 
0 1 -1 0 
272 4
1 2 3 4 
0 1 2 3 
1 2 -1 0 
0 1 -1 0 
272 4
1 2 3 4 
0 1 2 3 
-1 1 2 0 
0 0 1 0 
276 4
1 2 3 4 
0 1 2 3 
0 1 2 0 
-1 1 1 0 
308 4
1 2 3 4 
1 2 3 3 
-1 1 1 1 
-1 -1 0 -1 
348 4
1 2 3 4 
1 2 4 -1 
2 1 -1 -1 
0 0 -1 -1 
352 4
1 2 3 4 
0 1 2 4 
-1 -1 2 1 
-1 -1 -1 1 
440 4
1 2 3 5 
0 1 3 2 
-1 -1 -1 0 
-1 -1 -1 -1 
472 4
1 2 4 5 
0 1 -1 2 
-1 -1 -1 0 
-1 -1 -1 0 
472 4
1 2 4 5 
-1 0 1 2 
-1 -1 -1 0 
0 -1 -1 0 
476 4
1 2 4 5 
0 0 1 2 
-1 -1 -1 1 
0 -1 -1 -1 
480 4
1 2 4 5 
1 0 1 2 
-1 -1 -1 1 
0 -1 -1 -1 
480 4
1 2 4 5 
1 0 1 2 
-1 0 -1 1 
-1 -1 -1 0 
480 4
1 2 4 5 
1 0 1 2 
-1 -1 0 1 
0 -1 -1 0 
488 4
2 2 4 5 
0 0 1 2 
-1 -1 0 1 
0 -1 -1 0 
492 4
2 2 4 5 
1 0 1 2 
-1 -1 0 1 
-1 -1 0 0 
512 4
-1 3 4 5 
1 0 1 2 
0 -1 0 1 
-1 -1 -1 1 
516 4
-1 3 4 5 
1 0 1 2 
-1 -1 1 1 
-1 -1 0 1 
532 4
1 3 4 5 
-1 0 2 2 
-1 0 0 2 
-1 -1 -1 -1 
552 4
1 3 4 5 
-1 1 2 3 
0 -1 0 -1 
-1 -1 -1 -1 
556 4
1 3 4 5 
-1 1 2 3 
-1 -1 -1 1 
-1 0 -1 -1 
556 4
1 3 4 5 
-1 1 2 3 
-1 0 -1 1 
-1 -1 -1 0 
556 4
1 3 4 5 
0 1 2 3 
-1 -1 0 1 
-1 -1 -1 0 
556 4
1 3 4 5 
0 1 2 3 
0 1 -1 0 
0 -1 -1 -1 
568 4
1 3 4 5 
1 2 2 3 
0 -1 -1 0 
0 -1 -1 -1 
588 4
1 3 4 5 
1 3 3 -1 
1 0 -1 -1 
0 -1 -1 -1 
620 4
1 3 4 5 
-1 -1 1 4 
-1 -1 1 0 
-1 0 -1 0 
624 4
1 3 4 5 
0 -1 1 4 
-1 -1 1 0 
-1 -1 -1 1 
624 4
1 3 4 5 
0 1 4 0 
1 0 -1 -1 
1 -1 -1 -1 
696 4
-1 -1 -1 -1 
1 3 -1 -1 
0 1 0 5 
2 0 5 0 
696 4
1 3 0 5 
0 1 5 0 
2 0 1 -1 
-1 -1 -1 -1 
696 4
1 3 0 5 
0 1 5 0 
0 2 0 1 
-1 -1 -1 -1 
700 4
1 3 0 5 
1 1 5 0 
-1 2 0 1 
0 -1 -1 -1 
708 4
1 3 0 5 
2 5 0 -1 
2 0 1 0 
0 -1 -1 -1 
728 4
1 3 1 5 
3 5 1 0 
0 0 0 -1 
-1 -1 -1 -1 
732 4
1 3 1 5 
3 5 1 0 
-1 0 0 1 
-1 -1 -1 -1 
736 4
1 3 1 5 
3 5 1 0 
-1 -1 1 1 
0 -1 -1 -1 
744 4
1 3 2 5 
3 5 1 0 
0 -1 -1 1 
0 -1 -1 -1 
744 4
1 3 2 5 
3 5 1 0 
0 1 -1 0 
0 -1 -1 -1 
744 4
1 3 2 5 
3 5 1 0 
0 1 0 -1 
0 0 -1 -1 
748 4
1 3 2 5 
3 5 1 0 
-1 0 1 0 
-1 0 -1 1 
764 4
1 3 2 5 
3 5 2 1 
-1 1 -1 1 
-1 -1 0 -1 
772 4
1 3 2 5 
3 5 2 1 
-1 -1 0 2 
-1 -1 -1 0 
772 4
1 3 2 5 
3 5 2 1 
0 2 -1 -1 
0 0 -1 -1 
792 4
-1 3 -1 0 
1 5 -1 -1 
3 2 -1 5 
1 0 3 1 
792 4
3 0 -1 -1 
1 5 -1 0 
3 2 5 -1 
1 0 3 1 
792 4
-1 0 3 0 
-1 1 5 0 
-1 3 2 5 
1 0 3 1 
792 4
0 3 0 -1 
1 5 0 -1 
3 2 5 0 
1 0 3 1 
796 4
0 3 1 0 
1 5 5 1 
3 2 3 -1 
1 0 -1 0 
928 4
0 3 1 0 
-1 1 6 1 
-1 3 2 3 
0 -1 1 1 
936 4
0 3 1 0 
-1 1 6 1 
-1 3 2 3 
0 -1 0 2 
940 4
1 3 1 0 
-1 1 6 1 
-1 3 2 3 
0 -1 0 2 
944 4
1 3 1 0 
1 6 1 -1 
3 2 3 -1 
1 2 0 -1 
976 4
2 3 2 0 
3 6 3 0 
1 3 0 -1 
-1 -1 -1 -1 
976 4
2 3 2 0 
3 6 3 0 
0 1 3 0 
-1 -1 -1 -1 
1012 4
-1 -1 -1 -1 
2 3 0 -1 
3 6 2 0 
0 1 4 1 
1012 4
0 -1 -1 -1 
-1 2 3 0 
3 6 2 0 
0 1 4 1 
1012 4
-1 -1 0 0 
-1 2 3 0 
3 6 2 0 
0 1 4 1 
1016 4
3 2 0 1 
0 6 3 0 
-1 1 2 1 
-1 1 4 -1 
1024 4
-1 -1 0 0 
-1 2 3 1 
3 6 2 0 
0 2 4 1 
1028 4
1 -1 -1 0 
2 3 1 -1 
3 6 2 0 
0 2 4 1 
1028 4
1 0 -1 0 
2 3 1 -1 
3 6 2 0 
0 2 4 1 
1032 4
1 0 1 1 
2 3 2 1 
3 6 4 -1 
0 2 -1 0 
1040 4
-1 1 0 2 
2 3 2 1 
0 3 6 4 
-1 0 2 0 
1072 4
2 1 0 2 
0 4 2 1 
-1 0 6 4 
0 -1 2 0 
1076 4
-1 -1 0 2 
0 1 2 1 
2 4 6 4 
1 0 2 0 
1076 4
0 2 -1 0 
0 1 2 1 
2 4 6 4 
1 0 2 0 
1076 4
0 2 0 0 
0 1 2 1 
2 4 6 4 
1 0 2 0 
1080 4
1 2 0 0 
2 1 2 1 
1 4 6 4 
0 0 2 0 
1088 4
0 1 2 1 
2 1 2 1 
1 4 6 4 
-1 1 2 0 
1120 4
-1 0 -1 -1 
0 2 3 2 
2 4 6 4 
1 1 2 0 
1128 4
-1 -1 0 0 
0 2 3 2 
2 4 6 4 
-1 2 2 0 
1148 4
1 -1 -1 -1 
0 2 3 2 
2 4 6 4 
3 0 -1 0 
1152 4
-1 -1 0 1 
0 2 3 2 
2 4 6 4 
-1 -1 3 1 
1152 4
0 1 -1 -1 
0 2 3 2 
2 4 6 4 
3 1 0 -1 
1156 4
1 1 3 2 
2 2 6 4 
3 4 0 -1 
-1 1 0 -1 
1180 4
-1 2 3 2 
-1 3 6 4 
-1 3 4 0 
0 -1 1 0 
1180 4
-1 2 3 2 
1 3 6 4 
-1 3 4 0 
-1 0 1 0 
1216 4
1 2 3 2 
-1 4 6 4 
1 0 4 1 
-1 -1 1 -1 
1216 4
1 2 3 2 
-1 4 6 4 
1 0 4 1 
-1 -1 0 1 
1216 4
1 2 3 2 
4 6 4 0 
1 0 4 1 
0 1 -1 -1 
1280 4
1 2 -1 -1 
4 6 0 2 
1 0 3 0 
0 1 5 1 
1280 4
-1 0 1 2 
4 6 0 2 
1 0 3 0 
0 1 5 1 
1296 4
1 0 1 -1 
4 6 0 3 
1 0 3 0 
0 1 5 1 
1296 4
1 0 1 3 
4 6 0 0 
1 0 3 1 
0 1 5 0 
1300 4
1 0 1 3 
4 6 1 0 
1 0 3 1 
0 1 5 0 
1308 4
1 0 2 3 
4 6 3 0 
1 0 5 1 
0 1 0 0 
1312 4
1 0 2 3 
4 6 3 0 
1 0 5 1 
0 0 1 1 
1324 4
1 0 2 3 
4 6 3 0 
1 0 5 1 
1 2 -1 0 
1332 4
1 0 2 3 
4 6 3 0 
2 0 5 1 
1 2 -1 0 
1332 4
1 0 2 3 
4 6 3 0 
2 0 5 1 
1 2 0 0 
1336 4
1 0 2 3 
4 6 3 0 
2 0 5 1 
0 1 2 1 
1344 4
1 0 2 0 
4 6 3 3 
2 0 5 0 
0 1 2 2 
1392 4
1 0 2 0 
-1 4 6 4 
2 0 5 0 
0 0 1 3 
1396 4
1 0 2 0 
2 4 6 4 
0 1 5 0 
-1 0 1 3 
1396 4
1 0 2 0 
2 4 6 4 
0 1 5 0 
0 1 3 0 
1412 4
1 0 2 0 
2 4 6 4 
1 2 5 1 
-1 -1 3 0 
1412 4
1 0 2 0 
2 4 6 4 
1 2 5 1 
3 0 -1 0 
1416 4
1 0 2 0 
2 4 6 4 
1 2 5 1 
-1 0 3 1 
1424 4
1 0 2 0 
2 4 6 4 
1 2 5 2 
0 0 3 -1 
1428 4
1 0 2 0 
2 4 6 4 
1 2 5 2 
0 -1 1 3 
1428 4
1 0 2 0 
2 4 6 4 
1 2 5 2 
0 0 1 3 
1432 4
1 0 2 0 
2 4 6 4 
1 2 5 2 
0 1 1 3 
1440 4
1 0 2 0 
2 4 6 4 
1 2 5 2 
0 0 2 3 
1444 4
1 0 2 0 
2 4 6 4 
1 2 5 2 
1 2 3 0 
1468 4
1 0 2 0 
2 4 6 4 
2 3 5 2 
-1 0 3 0 
1468 4
1 0 2 0 
2 4 6 4 
2 3 5 2 
0 3 0 1 
1516 4
1 0 2 0 
3 4 6 4 
0 4 5 2 
-1 0 0 1 
1580 4
1 0 2 0 
3 5 6 4 
0 0 5 2 
0 -1 0 1 
1588 4
1 0 2 0 
3 5 6 4 
0 1 5 2 
-1 -1 1 1 
1596 4
1 0 2 0 
3 5 6 4 
0 1 5 2 
-1 -1 0 2 
1612 4
1 0 2 0 
3 5 6 4 
0 1 5 3 
-1 -1 0 0 
1616 4
1 0 2 0 
3 5 6 4 
0 1 5 3 
1 -1 -1 0 
1616 4
1 0 2 0 
3 5 6 4 
0 1 5 3 
1 0 -1 0 
1620 4
1 0 2 0 
3 5 6 4 
0 1 5 3 
-1 0 1 1 
1628 4
1 0 2 0 
3 5 6 4 
0 1 5 3 
0 2 -1 0 
1628 4
1 0 2 0 
3 5 6 4 
0 1 5 3 
0 2 0 0 
1632 4
1 0 2 0 
3 5 6 4 
0 1 5 3 
0 0 2 1 
1636 4
1 0 2 0 
3 5 6 4 
1 1 5 3 
0 0 2 1 
