20624 4
-1 0 5 10 
0 2 4 1 
-1 -1 0 2 
-1 -1 -1 1 
999
0 4
-1 -1 -1 -1 
-1 -1 -1 -1 
-1 -1 -1 -1 
1 -1 0 -1 
0 4
1 -1 0 -1 
-1 1 -1 -1 
-1 -1 -1 -1 
-1 -1 -1 -1 
0 4
1 1 0 -1 
0 -1 -1 -1 
-1 -1 -1 -1 
-1 -1 -1 -1 
8 4
-1 -1 2 0 
-1 -1 -1 0 
-1 -1 -1 0 
-1 -1 -1 -1 
12 4
-1 -1 2 1 
-1 0 -1 0 
-1 -1 -1 -1 
-1 -1 -1 -1 
12 4
-1 0 2 1 
0 -1 -1 0 
-1 -1 -1 -1 
-1 -1 -1 -1 
16 4
-1 0 2 1 
-1 -1 1 1 
-1 -1 -1 -1 
-1 -1 -1 -1 
24 4
-1 0 2 2 
-1 -1 1 -1 
-1 -1 0 -1 
-1 -1 -1 -1 
40 4
-1 0 0 3 
-1 -1 -1 1 
-1 -1 -1 0 
-1 -1 -1 -1 
44 4
-1 -1 1 3 
-1 -1 -1 1 
-1 -1 -1 0 
0 -1 -1 -1 
44 4
0 -1 1 3 
-1 -1 0 1 
-1 -1 -1 0 
-1 -1 -1 -1 
44 4
-1 0 1 3 
-1 -1 0 1 
0 -1 -1 0 
-1 -1 -1 -1 
44 4
0 0 1 3 
-1 -1 0 1 
-1 -1 -1 0 
0 -1 -1 -1 
48 4
-1 1 1 3 
-1 -1 0 1 
-1 0 -1 0 
-1 -1 -1 0 
52 4
-1 1 1 3 
-1 0 0 1 
-1 0 -1 1 
-1 -1 -1 -1 
64 4
-1 1 1 3 
-1 1 0 2 
-1 -1 -1 -1 
-1 0 -1 -1 
72 4
-1 -1 2 3 
-1 1 0 2 
-1 -1 -1 -1 
-1 -1 0 0 
76 4
-1 1 2 3 
0 -1 1 2 
-1 -1 -1 0 
-1 -1 -1 -1 
76 4
-1 1 2 3 
-1 0 1 2 
-1 -1 0 0 
-1 -1 -1 -1 
80 4
-1 1 2 3 
-1 0 1 2 
-1 -1 -1 1 
-1 0 -1 -1 
84 4
-1 1 2 3 
-1 1 1 2 
-1 -1 -1 1 
-1 -1 0 -1 
92 4
-1 2 2 3 
0 -1 1 2 
-1 -1 0 1 
-1 -1 -1 -1 
108 4
-1 -1 3 3 
-1 0 1 2 
-1 0 0 1 
-1 -1 -1 -1 
144 4
-1 -1 -1 4 
-1 0 1 2 
-1 -1 1 1 
-1 1 -1 -1 
152 4
-1 0 2 4 
0 1 -1 2 
-1 -1 -1 1 
-1 -1 -1 -1 
152 4
0 0 2 4 
0 1 -1 2 
-1 -1 -1 1 
-1 -1 -1 -1 
156 4
-1 1 2 4 
-1 0 1 2 
-1 -1 -1 1 
-1 -1 0 -1 
156 4
1 1 2 4 
-1 0 1 2 
-1 -1 -1 1 
-1 -1 -1 0 
164 4
-1 2 2 4 
0 0 1 2 
-1 -1 -1 1 
-1 -1 -1 0 
184 4
-1 -1 3 4 
-1 1 1 2 
-1 -1 0 1 
-1 -1 -1 0 
184 4
-1 1 3 4 
-1 -1 1 2 
0 -1 0 1 
-1 -1 -1 0 
184 4
0 1 3 4 
-1 -1 1 2 
-1 -1 0 1 
-1 -1 0 0 
188 4
0 1 3 4 
-1 -1 1 2 
-1 -1 0 1 
-1 0 -1 1 
188 4
0 1 3 4 
-1 -1 1 2 
0 -1 0 1 
-1 -1 0 1 
204 4
1 1 3 4 
-1 -1 1 2 
-1 -1 1 2 
-1 0 -1 -1 
212 4
-1 2 3 4 
-1 -1 1 2 
-1 -1 1 2 
-1 0 -1 0 
236 4
-1 2 3 4 
-1 0 2 3 
-1 -1 -1 0 
-1 -1 0 -1 
236 4
-1 2 3 4 
1 0 2 3 
-1 -1 -1 0 
-1 -1 -1 0 
240 4
1 2 3 4 
-1 0 2 3 
-1 -1 0 1 
-1 -1 -1 -1 
240 4
1 2 3 4 
0 2 3 -1 
0 1 -1 -1 
-1 0 -1 -1 
240 4
1 2 3 4 
-1 0 2 3 
-1 -1 0 1 
-1 -1 0 0 
244 4
1 2 3 4 
-1 0 2 3 
-1 -1 0 1 
-1 -1 0 1 
256 4
1 2 3 4 
-1 0 2 3 
-1 -1 1 2 
1 -1 -1 -1 
264 4
2 2 3 4 
-1 0 2 3 
-1 -1 1 2 
-1 -1 -1 0 
280 4
-1 3 3 4 
0 0 2 3 
-1 -1 1 2 
-1 -1 -1 0 
316 4
-1 -1 4 4 
-1 1 2 3 
-1 0 1 2 
-1 -1 -1 0 
316 4
-1 1 4 4 
0 0 2 3 
-1 -1 1 2 
-1 -1 -1 0 
316 4
0 1 4 4 
-1 0 2 3 
-1 -1 1 2 
0 -1 -1 0 
384 4
-1 0 1 5 
-1 0 2 3 
0 -1 1 2 
-1 -1 -1 1 
384 4
-1 0 1 5 
0 0 2 3 
-1 0 1 2 
-1 -1 -1 1 
388 4
0 1 1 5 
0 0 2 3 
-1 -1 1 2 
-1 -1 -1 1 
400 4
0 0 2 5 
-1 1 2 3 
-1 -1 1 2 
-1 -1 -1 1 
416 4
0 0 3 5 
-1 1 1 3 
-1 -1 -1 2 
-1 0 -1 1 
416 4
0 0 3 5 
-1 1 1 3 
0 0 -1 2 
-1 -1 -1 1 
432 4
-1 1 3 5 
-1 -1 2 3 
-1 -1 1 2 
-1 -1 1 1 
440 4
-1 1 3 5 
-1 -1 2 3 
-1 -1 1 2 
0 -1 -1 2 
456 4
0 1 3 5 
-1 -1 2 3 
-1 -1 1 3 
-1 0 -1 -1 
488 4
0 1 3 5 
-1 0 2 4 
-1 -1 1 -1 
-1 -1 0 -1 
488 4
0 1 3 5 
-1 0 2 4 
0 -1 -1 1 
-1 -1 -1 0 
488 4
0 1 3 5 
-1 0 2 4 
-1 -1 0 1 
-1 0 -1 0 
492 4
0 1 3 5 
-1 1 2 4 
-1 0 0 1 
-1 -1 -1 0 
500 4
0 2 3 5 
-1 0 2 4 
-1 -1 0 1 
-1 0 -1 0 
504 4
0 2 3 5 
-1 0 2 4 
-1 -1 0 1 
-1 -1 0 1 
516 4
0 2 3 5 
0 0 2 4 
-1 -1 1 2 
-1 -1 -1 -1 
520 4
1 2 3 5 
-1 0 2 4 
0 -1 1 2 
-1 -1 -1 -1 
520 4
1 2 3 5 
-1 0 2 4 
-1 0 1 2 
0 -1 -1 -1 
520 4
1 2 3 5 
-1 0 2 4 
-1 0 1 2 
0 -1 -1 0 
524 4
1 2 3 5 
0 1 2 4 
-1 -1 1 2 
0 -1 -1 0 
528 4
1 2 3 5 
1 1 2 4 
-1 -1 1 2 
0 -1 -1 0 
540 4
1 2 3 5 
-1 2 2 4 
-1 -1 1 2 
-1 -1 0 1 
556 4
1 2 3 5 
-1 -1 3 4 
0 -1 1 2 
-1 -1 0 1 
588 4
1 2 4 5 
0 -1 1 4 
-1 0 0 2 
-1 -1 -1 1 
588 4
1 2 4 5 
0 0 1 4 
0 -1 0 2 
-1 -1 -1 1 
596 4
1 2 4 5 
0 1 1 4 
-1 -1 1 2 
-1 -1 -1 1 
604 4
1 2 4 5 
-1 0 2 4 
-1 0 1 2 
-1 -1 -1 1 
608 4
1 2 4 5 
-1 1 2 4 
-1 -1 1 2 
-1 0 -1 1 
608 4
1 2 4 5 
-1 1 2 4 
-1 0 1 2 
-1 0 -1 1 
608 4
1 2 4 5 
-1 1 2 4 
-1 0 1 2 
-1 0 0 1 
612 4
1 2 4 5 
-1 1 2 4 
-1 0 1 2 
-1 0 1 1 
624 4
1 2 4 5 
-1 1 2 4 
-1 1 2 2 
-1 0 -1 1 
648 4
1 2 4 5 
-1 2 3 4 
-1 0 -1 2 
-1 0 -1 1 
648 4
1 2 4 5 
-1 2 3 4 
-1 0 0 2 
-1 -1 0 1 
652 4
1 2 4 5 
0 2 3 4 
-1 -1 1 2 
-1 -1 0 1 
668 4
1 3 4 5 
0 -1 3 4 
0 -1 1 2 
-1 -1 0 1 
672 4
1 3 4 5 
1 -1 3 4 
-1 -1 1 2 
0 -1 0 1 
676 4
1 3 4 5 
-1 1 3 4 
-1 0 1 2 
-1 -1 1 1 
684 4
1 3 4 5 
-1 1 3 4 
0 0 1 2 
-1 -1 -1 2 
700 4
1 3 4 5 
0 1 3 4 
0 0 1 3 
-1 -1 -1 -1 
704 4
1 3 4 5 
1 1 3 4 
-1 0 1 3 
-1 0 -1 -1 
712 4
1 3 4 5 
-1 2 3 4 
-1 0 1 3 
-1 0 -1 0 
716 4
1 3 4 5 
0 2 3 4 
-1 0 1 3 
-1 -1 -1 1 
716 4
1 3 4 5 
0 2 3 4 
0 1 3 -1 
1 -1 -1 0 
716 4
1 3 4 5 
0 2 3 4 
-1 0 1 3 
1 -1 1 0 
724 4
1 3 4 5 
0 2 3 4 
1 0 2 3 
-1 0 -1 0 
728 4
1 3 4 5 
0 2 3 4 
1 1 2 3 
-1 0 -1 0 
740 4
1 3 4 5 
0 2 3 4 
-1 2 2 3 
-1 -1 0 1 
756 4
1 3 4 5 
0 2 3 4 
0 -1 3 3 
-1 -1 0 1 
792 4
1 3 4 5 
1 2 4 4 
0 -1 0 3 
-1 -1 -1 1 
864 4
2 3 5 5 
0 2 0 4 
-1 -1 -1 3 
-1 -1 0 1 
992 4
-1 2 3 6 
0 2 0 4 
-1 -1 -1 3 
0 -1 0 1 
996 4
-1 2 3 6 
0 2 0 4 
-1 -1 -1 3 
0 -1 1 1 
1016 4
1 3 3 6 
-1 -1 0 4 
-1 -1 1 3 
0 -1 -1 1 
1016 4
1 3 3 6 
0 -1 0 4 
-1 -1 1 3 
-1 0 -1 1 
1052 4
0 1 4 6 
-1 -1 1 4 
-1 -1 1 3 
-1 -1 0 1 
1060 4
0 1 4 6 
-1 0 2 4 
-1 -1 0 3 
-1 -1 -1 1 
1060 4
0 1 4 6 
0 2 4 -1 
0 3 -1 1 
1 -1 -1 -1 
1128 4
1 1 5 6 
0 2 -1 1 
1 3 -1 -1 
-1 0 -1 -1 
1136 4
-1 2 5 6 
-1 0 2 1 
-1 -1 1 3 
-1 -1 0 0 
1140 4
-1 2 5 6 
-1 0 2 1 
0 -1 1 3 
-1 -1 -1 1 
1140 4
0 2 5 6 
-1 0 2 1 
-1 -1 1 3 
-1 0 -1 1 
1144 4
0 2 5 6 
-1 1 2 1 
-1 -1 1 3 
-1 -1 1 1 
1152 4
0 2 5 6 
-1 1 2 1 
-1 -1 1 3 
-1 -1 1 2 
1160 4
0 2 5 6 
-1 1 2 1 
-1 -1 2 3 
-1 -1 0 2 
1176 4
0 2 5 6 
0 1 3 1 
-1 -1 0 3 
-1 -1 -1 2 
1180 4
1 2 5 6 
-1 1 3 1 
1 -1 0 3 
-1 -1 -1 2 
1188 4
2 2 5 6 
-1 1 3 1 
-1 -1 0 3 
0 -1 -1 2 
1204 4
-1 3 5 6 
-1 1 3 1 
-1 -1 0 3 
-1 0 0 2 
1208 4
-1 3 5 6 
0 1 3 1 
-1 -1 0 3 
-1 -1 1 2 
1208 4
0 3 5 6 
-1 1 3 1 
-1 0 0 3 
-1 -1 1 2 
1212 4
0 3 5 6 
0 1 3 1 
-1 -1 1 3 
-1 -1 1 2 
1224 4
1 3 5 6 
-1 1 3 1 
-1 -1 2 3 
0 -1 -1 2 
1224 4
1 3 5 6 
0 1 3 1 
-1 -1 2 3 
-1 0 -1 2 
1224 4
1 3 5 6 
0 1 3 1 
-1 -1 2 3 
-1 0 0 2 
1228 4
1 3 5 6 
0 1 3 1 
-1 0 2 3 
-1 -1 1 2 
1228 4
1 3 5 6 
0 1 3 1 
0 2 3 -1 
1 2 -1 0 
1280 4
1 3 5 6 
1 1 4 1 
1 3 -1 0 
0 -1 -1 -1 
1288 4
2 3 5 6 
1 1 4 1 
0 3 -1 0 
0 -1 -1 -1 
1296 4
2 3 5 6 
-1 2 4 1 
-1 0 3 0 
0 -1 -1 0 
1300 4
2 3 5 6 
-1 2 4 1 
-1 0 3 0 
1 -1 -1 1 
1300 4
2 3 5 6 
1 2 4 1 
1 0 3 0 
-1 -1 -1 1 
1308 4
2 3 5 6 
2 2 4 1 
-1 0 3 0 
-1 -1 0 1 
1324 4
2 3 5 6 
-1 3 4 1 
-1 0 3 0 
0 -1 0 1 
1328 4
2 3 5 6 
-1 3 4 1 
1 0 3 0 
-1 -1 1 1 
1360 4
2 4 5 6 
1 0 4 1 
-1 -1 3 0 
0 -1 1 1 
1360 4
2 4 5 6 
1 0 4 1 
0 -1 3 0 
1 -1 1 1 
1368 4
2 4 5 6 
1 0 4 1 
-1 0 3 0 
0 -1 1 2 
1368 4
2 4 5 6 
1 0 4 1 
-1 0 3 0 
1 0 1 2 
1380 4
2 4 5 6 
2 1 4 1 
-1 0 3 0 
-1 0 1 2 
1400 4
3 4 5 6 
-1 1 4 1 
-1 1 3 0 
0 -1 1 2 
1408 4
3 4 5 6 
0 2 4 1 
0 -1 3 0 
-1 -1 1 2 
1408 4
3 4 5 6 
0 2 4 1 
0 0 3 0 
-1 -1 1 2 
1412 4
3 4 5 6 
0 2 4 1 
-1 1 3 0 
0 -1 1 2 
1416 4
3 4 5 6 
1 2 4 1 
0 1 3 0 
-1 -1 1 2 
1416 4
3 4 5 6 
1 2 4 1 
0 1 3 0 
1 2 0 -1 
1416 4
3 4 5 6 
1 2 4 1 
0 1 3 0 
0 1 2 0 
1432 4
3 4 5 6 
1 2 4 1 
1 2 3 1 
-1 -1 2 0 
1464 4
3 4 5 6 
2 3 4 2 
-1 -1 3 0 
-1 -1 2 0 
1464 4
3 4 5 6 
2 3 4 2 
3 0 -1 -1 
2 0 0 -1 
1468 4
3 4 5 6 
2 3 4 2 
-1 0 3 0 
-1 -1 2 1 
1468 4
3 4 5 6 
2 3 4 2 
0 3 0 1 
2 1 -1 -1 
1468 4
3 4 5 6 
2 3 4 2 
0 3 0 1 
1 -1 2 1 
1508 4
3 4 5 6 
2 4 4 2 
0 -1 0 2 
1 0 2 -1 
1588 4
3 5 5 6 
2 0 4 3 
0 0 0 -1 
1 -1 2 -1 
1720 4
-1 3 6 6 
2 0 4 3 
-1 -1 0 1 
-1 0 1 2 
1724 4
2 3 6 6 
-1 1 4 3 
0 -1 0 1 
-1 -1 1 2 
1724 4
2 3 6 6 
0 1 4 3 
-1 -1 0 1 
0 -1 1 2 
1728 4
2 3 6 6 
1 1 4 3 
0 -1 0 1 
-1 -1 1 2 
1996 4
2 3 7 -1 
2 4 3 -1 
1 1 -1 0 
1 2 -1 -1 
2004 4
-1 2 3 7 
-1 2 4 3 
0 -1 2 0 
-1 -1 1 2 
2020 4
0 3 3 7 
-1 -1 4 3 
0 -1 2 0 
-1 -1 1 2 
2052 4
-1 0 4 7 
-1 0 4 3 
-1 0 2 0 
-1 -1 1 2 
2120 4
0 1 5 7 
-1 0 2 3 
-1 -1 1 0 
-1 -1 -1 2 
2120 4
0 1 5 7 
0 2 3 -1 
1 0 -1 -1 
2 -1 -1 0 
2124 4
1 1 5 7 
1 2 3 0 
2 0 -1 -1 
-1 0 -1 -1 
2132 4
-1 2 5 7 
1 2 3 0 
-1 -1 2 0 
-1 0 -1 0 
2152 4
1 3 5 7 
-1 0 3 1 
-1 -1 2 0 
-1 0 -1 -1 
2152 4
1 3 5 7 
0 0 3 1 
-1 -1 2 0 
-1 -1 -1 0 
2156 4
1 3 5 7 
0 0 3 1 
-1 -1 2 1 
-1 -1 0 -1 
2164 4
1 3 5 7 
0 0 3 2 
-1 -1 2 -1 
0 -1 0 -1 
2172 4
1 3 5 7 
-1 1 3 2 
-1 1 -1 2 
-1 -1 -1 1 
2196 4
1 3 5 7 
-1 2 3 3 
-1 -1 -1 1 
0 -1 -1 -1 
2228 4
1 3 5 7 
2 4 1 -1 
1 -1 -1 -1 
0 -1 -1 -1 
2228 4
1 3 5 7 
-1 2 4 1 
0 -1 -1 1 
-1 -1 -1 0 
2236 4
1 3 5 7 
0 2 4 2 
-1 -1 -1 0 
0 -1 -1 -1 
2236 4
1 3 5 7 
0 2 4 2 
-1 -1 -1 0 
0 -1 -1 0 
2244 4
1 3 5 7 
1 2 4 2 
-1 -1 -1 1 
-1 0 -1 -1 
2252 4
2 3 5 7 
-1 2 4 2 
-1 0 -1 1 
-1 -1 -1 0 
2252 4
2 3 5 7 
-1 2 4 2 
-1 0 0 1 
-1 -1 -1 0 
2256 4
2 3 5 7 
-1 2 4 2 
-1 -1 1 1 
0 -1 -1 0 
2268 4
2 3 5 7 
-1 2 4 2 
0 -1 -1 2 
-1 -1 -1 1 
2284 4
2 3 5 7 
0 2 4 3 
-1 -1 0 1 
-1 -1 -1 -1 
2284 4
2 3 5 7 
0 2 4 3 
0 1 -1 -1 
-1 -1 0 -1 
2288 4
2 3 5 7 
1 2 4 3 
-1 1 0 -1 
-1 0 -1 -1 
2288 4
2 3 5 7 
1 2 4 3 
1 0 -1 -1 
0 -1 0 -1 
2296 4
2 3 5 7 
2 2 4 3 
0 0 0 -1 
-1 -1 -1 0 
2312 4
3 3 5 7 
0 2 4 3 
-1 0 0 0 
-1 0 -1 -1 
2348 4
-1 4 5 7 
0 2 4 3 
-1 0 0 1 
-1 -1 -1 0 
2348 4
0 4 5 7 
-1 2 4 3 
-1 0 0 1 
-1 -1 0 0 
2356 4
0 4 5 7 
-1 2 4 3 
-1 0 1 1 
-1 -1 -1 1 
2364 4
0 4 5 7 
-1 2 4 3 
-1 -1 0 2 
-1 -1 0 1 
2368 4
0 4 5 7 
-1 2 4 3 
-1 -1 1 2 
-1 -1 0 1 
2368 4
0 4 5 7 
2 4 3 -1 
1 2 -1 1 
0 1 -1 -1 
2368 4
0 4 5 7 
-1 2 4 3 
0 1 2 1 
-1 -1 0 1 
2380 4
1 4 5 7 
-1 2 4 3 
0 1 2 2 
-1 -1 0 -1 
2380 4
1 4 5 7 
0 2 4 3 
-1 1 2 2 
-1 -1 0 0 
2400 4
1 4 5 7 
0 2 4 3 
1 3 -1 -1 
1 0 -1 -1 
2408 4
1 4 5 7 
0 2 4 3 
2 3 -1 -1 
-1 0 -1 0 
2412 4
1 4 5 7 
0 2 4 3 
-1 -1 2 3 
-1 0 -1 1 
2444 4
1 4 5 7 
0 2 4 4 
-1 0 2 1 
-1 0 -1 -1 
2508 4
1 4 5 7 
-1 0 2 5 
-1 0 2 1 
-1 0 -1 0 
2512 4
1 4 5 7 
0 2 5 0 
0 2 1 -1 
1 -1 -1 -1 
2660 4
1 4 6 7 
1 3 1 0 
1 -1 0 -1 
-1 -1 -1 -1 
2660 4
1 4 6 7 
1 3 1 0 
-1 -1 1 0 
-1 0 -1 -1 
2680 4
2 4 6 7 
-1 3 2 1 
-1 0 -1 -1 
-1 -1 0 -1 
2680 4
2 4 6 7 
-1 3 2 1 
-1 -1 -1 0 
-1 0 -1 0 
2684 4
2 4 6 7 
-1 3 2 1 
-1 0 -1 1 
-1 0 -1 -1 
2696 4
2 4 6 7 
-1 3 2 2 
-1 1 0 -1 
-1 -1 -1 -1 
2712 4
2 4 6 7 
-1 -1 3 3 
-1 -1 1 0 
-1 0 -1 -1 
2744 4
2 4 6 7 
-1 0 -1 4 
-1 -1 1 0 
-1 -1 -1 0 
2744 4
2 4 6 7 
-1 -1 0 4 
-1 0 1 0 
-1 -1 -1 0 
2748 4
2 4 6 7 
-1 0 0 4 
-1 -1 1 1 
-1 -1 0 -1 
2760 4
2 4 6 7 
-1 -1 1 4 
-1 -1 0 2 
-1 -1 -1 0 
2760 4
2 4 6 7 
1 4 -1 0 
0 2 -1 -1 
0 -1 -1 -1 
2828 4
2 5 6 7 
1 2 -1 0 
1 0 -1 -1 
-1 -1 -1 -1 
2836 4
2 5 6 7 
2 2 -1 0 
-1 0 0 -1 
-1 -1 -1 -1 
2856 4
2 5 6 7 
3 0 -1 0 
1 -1 -1 -1 
-1 -1 -1 -1 
2860 4
2 5 6 7 
-1 -1 3 1 
-1 -1 -1 1 
-1 0 -1 -1 
2868 4
2 5 6 7 
-1 0 3 2 
-1 -1 -1 0 
-1 -1 -1 -1 
2868 4
2 5 6 7 
0 3 2 -1 
0 -1 -1 -1 
-1 -1 -1 0 
2872 4
2 5 6 7 
1 3 2 0 
0 -1 -1 -1 
-1 -1 -1 -1 
2872 4
2 5 6 7 
1 3 2 0 
-1 -1 -1 0 
-1 0 -1 -1 
2872 4
2 5 6 7 
1 3 2 0 
0 -1 -1 -1 
0 -1 -1 0 
2880 4
2 5 6 7 
1 3 2 1 
1 -1 -1 -1 
-1 -1 0 -1 
2888 4
2 5 6 7 
2 3 2 1 
-1 -1 0 0 
-1 -1 -1 -1 
2904 4
3 5 6 7 
-1 3 2 1 
-1 -1 0 0 
-1 0 -1 -1 
2908 4
3 5 6 7 
3 2 1 -1 
1 0 -1 -1 
0 -1 -1 -1 
2940 4
4 5 6 7 
1 2 1 -1 
0 0 -1 0 
-1 -1 -1 -1 
2944 4
4 5 6 7 
0 1 2 1 
-1 -1 0 1 
-1 -1 -1 -1 
2944 4
4 5 6 7 
0 1 2 1 
0 1 -1 -1 
-1 -1 -1 0 
2956 4
4 5 6 7 
1 2 2 1 
-1 1 -1 0 
-1 -1 -1 -1 
2972 4
4 5 6 7 
1 3 1 -1 
1 0 -1 0 
-1 -1 -1 -1 
2980 4
4 5 6 7 
2 3 1 0 
-1 0 0 -1 
-1 -1 -1 -1 
2984 4
4 5 6 7 
2 3 1 0 
1 -1 -1 -1 
-1 1 -1 -1 
2984 4
4 5 6 7 
2 3 1 0 
1 -1 -1 -1 
1 -1 0 -1 
2992 4
4 5 6 7 
2 3 1 0 
2 -1 0 -1 
-1 0 -1 -1 
3008 4
4 5 6 7 
3 3 1 0 
-1 0 0 0 
-1 -1 -1 -1 
3044 4
4 5 6 7 
4 1 0 -1 
1 0 0 -1 
-1 -1 -1 -1 
3112 4
5 5 6 7 
1 1 1 -1 
-1 0 0 -1 
-1 -1 -1 -1 
3252 4
-1 6 6 7 
-1 -1 1 2 
-1 -1 -1 1 
0 -1 -1 -1 
3508 4
-1 -1 7 7 
-1 -1 1 2 
-1 -1 -1 1 
0 -1 -1 0 
4024 4
-1 -1 -1 8 
-1 -1 1 2 
-1 0 -1 1 
-1 -1 -1 1 
4032 4
-1 0 1 8 
-1 -1 -1 2 
-1 -1 -1 2 
-1 -1 0 -1 
4048 4
-1 0 1 8 
-1 -1 0 3 
-1 -1 -1 -1 
-1 -1 0 -1 
4048 4
0 1 8 -1 
0 3 -1 0 
-1 -1 -1 -1 
0 -1 -1 -1 
4048 4
-1 0 1 8 
-1 0 3 0 
-1 -1 0 -1 
-1 -1 -1 0 
4056 4
-1 1 1 8 
-1 -1 3 1 
-1 0 0 -1 
-1 -1 -1 -1 
4056 4
-1 1 1 8 
-1 0 3 1 
0 -1 0 -1 
-1 -1 -1 -1 
4056 4
0 1 1 8 
0 0 3 1 
-1 -1 0 -1 
-1 -1 -1 -1 
4068 4
-1 0 2 8 
-1 1 3 1 
-1 -1 -1 0 
0 -1 -1 -1 
4068 4
0 0 2 8 
-1 1 3 1 
-1 -1 0 0 
-1 -1 -1 -1 
4076 4
-1 1 2 8 
-1 1 3 1 
-1 -1 -1 1 
-1 -1 0 -1 
4092 4
-1 2 2 8 
-1 0 3 2 
-1 -1 0 -1 
-1 -1 -1 -1 
4108 4
-1 0 3 8 
-1 0 3 2 
-1 -1 -1 0 
-1 -1 -1 -1 
4144 4
-1 1 4 8 
-1 -1 -1 2 
-1 0 -1 0 
-1 -1 -1 -1 
4148 4
-1 1 4 8 
-1 0 -1 2 
-1 -1 -1 1 
-1 -1 -1 -1 
4148 4
-1 1 4 8 
-1 -1 0 2 
-1 -1 -1 1 
0 -1 -1 -1 
4148 4
0 1 4 8 
-1 -1 0 2 
-1 -1 -1 1 
-1 -1 0 -1 
4148 4
0 1 4 8 
-1 -1 0 2 
-1 0 -1 1 
-1 -1 -1 0 
4148 4
0 1 4 8 
-1 0 0 2 
-1 -1 -1 1 
-1 -1 0 0 
4156 4
0 1 4 8 
0 -1 1 2 
-1 -1 -1 1 
-1 -1 -1 1 
4168 4
1 1 4 8 
-1 -1 1 2 
-1 -1 -1 2 
-1 -1 -1 0 
4176 4
-1 2 4 8 
-1 -1 1 2 
-1 -1 -1 2 
0 -1 -1 0 
4180 4
-1 2 4 8 
-1 -1 1 2 
0 -1 -1 2 
-1 -1 -1 1 
4196 4
0 2 4 8 
-1 -1 1 3 
-1 0 -1 1 
-1 -1 -1 -1 
4196 4
0 2 4 8 
-1 0 1 3 
-1 -1 0 1 
-1 -1 -1 -1 
4196 4
0 2 4 8 
0 1 3 -1 
0 1 -1 -1 
-1 0 -1 -1 
4208 4
1 2 4 8 
0 2 3 -1 
-1 0 -1 -1 
-1 -1 0 -1 
4208 4
1 2 4 8 
-1 0 2 3 
0 -1 -1 0 
-1 -1 -1 0 
4212 4
1 2 4 8 
0 2 3 -1 
1 1 -1 -1 
0 -1 -1 -1 
4228 4
1 3 4 8 
0 1 3 0 
1 -1 -1 -1 
0 -1 -1 -1 
4228 4
1 3 4 8 
0 1 3 0 
-1 -1 -1 1 
-1 1 -1 0 
4236 4
1 3 4 8 
0 2 3 0 
0 -1 -1 1 
-1 -1 -1 0 
4240 4
1 3 4 8 
1 2 3 0 
-1 0 -1 1 
-1 -1 -1 0 
4248 4
2 3 4 8 
-1 2 3 0 
1 0 -1 1 
-1 -1 -1 0 
4248 4
2 3 4 8 
2 3 0 -1 
1 0 1 -1 
0 -1 -1 0 
4296 4
3 4 4 8 
1 0 0 0 
0 -1 1 -1 
0 -1 -1 -1 
4364 4
-1 3 5 8 
-1 1 0 1 
-1 -1 0 1 
-1 0 -1 0 
4376 4
-1 3 5 8 
-1 1 1 2 
0 0 -1 0 
-1 -1 -1 -1 
4376 4
0 3 5 8 
-1 1 1 2 
-1 0 -1 0 
-1 0 -1 -1 
4388 4
0 3 5 8 
2 2 -1 -1 
1 -1 -1 -1 
0 -1 -1 0 
4408 4
0 3 5 8 
3 -1 -1 -1 
1 -1 0 -1 
1 -1 -1 -1 
4416 4
0 3 5 8 
3 -1 0 -1 
2 -1 0 -1 
-1 -1 -1 -1 
4420 4
0 3 5 8 
3 -1 1 0 
2 -1 -1 -1 
-1 -1 -1 -1 
4420 4
0 3 5 8 
-1 3 1 0 
-1 -1 -1 2 
-1 0 -1 -1 
4452 4
0 4 5 8 
-1 0 1 0 
-1 -1 -1 2 
1 -1 -1 -1 
4452 4
0 4 5 8 
1 0 1 0 
-1 1 -1 2 
-1 -1 -1 -1 
4452 4
0 4 5 8 
1 0 1 0 
1 2 -1 -1 
0 -1 -1 -1 
4460 4
0 4 5 8 
2 0 1 0 
0 2 -1 -1 
-1 -1 -1 0 
4460 4
0 4 5 8 
2 0 1 0 
-1 -1 0 2 
-1 -1 0 0 
4464 4
0 4 5 8 
2 0 1 0 
-1 -1 1 2 
0 -1 -1 0 
4472 4
0 4 5 8 
2 0 2 0 
0 -1 -1 2 
-1 -1 0 0 
4476 4
0 4 5 8 
2 0 2 0 
-1 -1 0 2 
-1 0 -1 1 
4476 4
0 4 5 8 
2 0 2 0 
0 2 -1 0 
0 1 -1 -1 
4476 4
0 4 5 8 
2 0 2 0 
-1 0 2 0 
-1 0 0 1 
4500 4
0 4 5 8 
2 1 3 1 
-1 0 0 1 
-1 -1 0 -1 
4512 4
0 4 5 8 
2 1 3 2 
-1 0 1 -1 
-1 0 -1 -1 
4516 4
0 4 5 8 
2 1 3 2 
0 1 1 -1 
-1 -1 -1 -1 
4524 4
0 4 5 8 
2 2 3 2 
0 -1 1 -1 
-1 -1 0 -1 
4540 4
0 4 5 8 
-1 3 3 2 
-1 0 0 1 
-1 -1 -1 0 
4576 4
0 4 5 8 
-1 -1 4 2 
-1 -1 1 1 
0 -1 -1 0 
4580 4
1 4 5 8 
-1 -1 4 2 
0 -1 1 1 
-1 -1 -1 0 
4580 4
1 4 5 8 
0 0 4 2 
-1 -1 1 1 
-1 -1 -1 0 
4592 4
1 4 5 8 
1 4 2 -1 
2 -1 -1 -1 
0 -1 0 -1 
4664 4
2 5 5 8 
2 -1 2 -1 
0 0 0 -1 
-1 -1 -1 -1 
4812 4
-1 2 6 8 
-1 -1 -1 3 
-1 -1 0 1 
-1 0 -1 -1 
4812 4
-1 2 6 8 
-1 0 0 3 
-1 -1 -1 1 
-1 0 -1 -1 
4816 4
-1 2 6 8 
-1 1 0 3 
-1 -1 -1 1 
0 -1 -1 -1 
4816 4
0 2 6 8 
-1 1 0 3 
-1 -1 1 1 
-1 -1 -1 -1 
4824 4
0 2 6 8 
-1 1 0 3 
-1 -1 -1 2 
0 -1 -1 -1 
4828 4
1 2 6 8 
-1 1 0 3 
-1 0 -1 2 
-1 -1 -1 -1 
4828 4
1 2 6 8 
1 0 3 -1 
0 2 -1 0 
-1 -1 -1 -1 
4836 4
2 2 6 8 
0 0 3 0 
-1 2 -1 -1 
-1 0 -1 -1 
4856 4
-1 3 6 8 
0 1 3 0 
-1 -1 -1 2 
-1 -1 -1 0 
4856 4
0 3 6 8 
-1 1 3 0 
-1 -1 -1 2 
-1 -1 0 0 
4856 4
0 3 6 8 
-1 1 3 0 
-1 -1 0 2 
0 -1 -1 0 
4860 4
1 3 6 8 
-1 1 3 0 
0 -1 0 2 
-1 -1 -1 0 
4864 4
1 3 6 8 
1 3 0 -1 
1 2 -1 -1 
0 -1 -1 0 
4904 4
2 4 6 8 
1 2 0 0 
0 -1 -1 -1 
0 -1 -1 -1 
4908 4
2 4 6 8 
-1 1 2 1 
-1 -1 1 0 
-1 -1 -1 0 
4908 4
2 4 6 8 
1 2 1 -1 
1 0 -1 -1 
0 0 -1 -1 
4920 4
2 4 6 8 
2 2 1 -1 
0 1 -1 0 
-1 -1 -1 -1 
4936 4
3 4 6 8 
0 2 1 0 
-1 1 -1 -1 
0 -1 -1 -1 
4936 4
3 4 6 8 
0 2 1 0 
-1 -1 -1 1 
-1 0 -1 0 
4936 4
3 4 6 8 
0 2 1 0 
1 0 -1 1 
-1 -1 -1 0 
4936 4
3 4 6 8 
0 2 1 0 
1 0 1 0 
0 -1 -1 -1 
4948 4
3 4 6 8 
0 2 2 1 
1 0 -1 -1 
0 0 -1 -1 
4968 4
3 4 6 8 
0 3 1 -1 
1 0 -1 -1 
1 0 -1 -1 
4968 4
3 4 6 8 
0 0 3 1 
-1 -1 1 0 
-1 -1 1 0 
4980 4
3 4 6 8 
0 0 3 1 
0 -1 2 1 
-1 -1 -1 -1 
4992 4
3 4 6 8 
1 0 3 2 
-1 -1 2 -1 
0 -1 -1 -1 
4992 4
3 4 6 8 
1 0 3 2 
0 -1 2 -1 
-1 -1 0 -1 
4992 4
3 4 6 8 
1 0 3 2 
-1 0 0 2 
-1 -1 -1 0 
5012 4
3 4 6 8 
1 1 3 3 
-1 -1 0 0 
-1 -1 -1 0 
5056 4
3 4 6 8 
2 4 -1 -1 
1 -1 -1 -1 
0 -1 0 -1 
5120 4
3 5 6 8 
2 -1 0 -1 
1 -1 -1 -1 
0 -1 -1 0 
5124 4
3 5 6 8 
0 -1 2 0 
-1 -1 -1 1 
-1 -1 -1 1 
5132 4
3 5 6 8 
0 -1 2 0 
-1 -1 -1 2 
-1 0 -1 -1 
5132 4
3 5 6 8 
0 0 2 0 
-1 -1 -1 2 
-1 0 -1 -1 
5136 4
3 5 6 8 
1 2 0 -1 
2 -1 0 -1 
0 -1 -1 -1 
5136 4
3 5 6 8 
-1 1 2 0 
-1 -1 2 0 
0 -1 -1 0 
5156 4
3 5 6 8 
0 1 3 1 
0 -1 -1 0 
-1 -1 -1 -1 
5160 4
3 5 6 8 
1 1 3 1 
0 -1 -1 0 
-1 -1 -1 -1 
5172 4
3 5 6 8 
2 3 1 -1 
1 -1 -1 -1 
1 -1 -1 -1 
5172 4
3 5 6 8 
-1 2 3 1 
0 -1 -1 1 
-1 -1 -1 1 
5180 4
3 5 6 8 
0 2 3 2 
-1 -1 -1 1 
1 -1 -1 -1 
5180 4
3 5 6 8 
0 2 3 2 
1 -1 0 1 
-1 -1 -1 -1 
5180 4
3 5 6 8 
0 2 3 2 
0 1 0 1 
-1 -1 -1 -1 
5184 4
3 5 6 8 
1 2 3 2 
-1 1 0 1 
-1 0 -1 -1 
5184 4
3 5 6 8 
1 2 3 2 
1 0 1 -1 
0 -1 0 -1 
5192 4
3 5 6 8 
2 2 3 2 
0 0 1 -1 
-1 -1 0 0 
5192 4
3 5 6 8 
2 2 3 2 
0 0 1 0 
-1 0 0 -1 
5196 4
3 5 6 8 
2 2 3 2 
0 1 1 0 
-1 -1 0 0 
5224 4
3 5 6 8 
3 3 2 -1 
0 2 0 -1 
1 -1 -1 0 
5256 4
4 5 6 8 
0 3 2 0 
1 2 0 -1 
0 -1 -1 -1 
5256 4
4 5 6 8 
0 3 2 0 
-1 1 2 0 
-1 -1 0 0 
5276 4
4 5 6 8 
0 3 3 1 
-1 1 0 0 
-1 -1 -1 0 
5280 4
4 5 6 8 
0 3 3 1 
-1 1 0 1 
-1 -1 -1 0 
5312 4
4 5 6 8 
0 4 1 -1 
1 0 1 -1 
0 -1 -1 0 
5316 4
4 5 6 8 
-1 0 4 1 
1 1 0 1 
-1 -1 -1 1 
5324 4
4 5 6 8 
-1 0 4 1 
-1 2 0 1 
-1 -1 0 1 
5336 4
4 5 6 8 
-1 0 4 2 
-1 2 1 1 
-1 0 -1 -1 
5344 4
4 5 6 8 
-1 0 4 2 
1 -1 2 2 
-1 -1 -1 0 
5360 4
4 5 6 8 
0 0 4 2 
-1 -1 1 3 
-1 -1 -1 0 
5364 4
4 5 6 8 
1 4 2 -1 
1 3 -1 -1 
0 -1 -1 1 
5364 4
4 5 6 8 
-1 1 4 2 
-1 -1 1 3 
0 -1 0 1 
5368 4
4 5 6 8 
1 4 2 0 
1 3 -1 -1 
1 1 -1 -1 
5376 4
4 5 6 8 
2 4 2 0 
1 3 0 -1 
-1 1 -1 -1 
5376 4
4 5 6 8 
2 4 2 0 
0 1 3 0 
-1 -1 -1 1 
5380 4
4 5 6 8 
2 4 2 1 
0 1 3 1 
-1 0 -1 -1 
5388 4
4 5 6 8 
2 4 2 2 
0 1 3 -1 
0 0 -1 -1 
5408 4
4 5 6 8 
2 4 3 -1 
0 1 3 -1 
1 -1 -1 0 
5440 4
4 5 6 8 
2 4 4 0 
0 1 0 -1 
1 -1 -1 -1 
5504 4
4 5 6 8 
2 5 0 -1 
0 1 0 -1 
1 -1 1 -1 
5636 4
4 6 6 8 
2 1 1 -1 
0 1 1 -1 
1 -1 -1 -1 
5908 4
-1 4 7 8 
-1 -1 2 2 
-1 -1 0 2 
-1 0 -1 1 
5924 4
-1 4 7 8 
-1 -1 -1 3 
-1 -1 0 2 
0 -1 0 1 
5928 4
0 4 7 8 
-1 -1 1 3 
-1 -1 -1 2 
-1 -1 0 1 
5928 4
0 4 7 8 
-1 -1 1 3 
-1 -1 0 2 
-1 -1 0 1 
5932 4
0 4 7 8 
-1 0 1 3 
-1 -1 1 2 
-1 -1 -1 1 
5940 4
0 4 7 8 
-1 0 2 3 
-1 -1 -1 2 
-1 0 -1 1 
5940 4
0 4 7 8 
0 2 3 0 
2 -1 -1 -1 
0 1 -1 -1 
5944 4
1 4 7 8 
2 2 3 0 
0 1 0 -1 
-1 -1 -1 -1 
5960 4
1 4 7 8 
-1 3 3 0 
-1 0 1 0 
0 -1 -1 -1 
5992 4
1 4 7 8 
-1 -1 4 0 
-1 0 1 0 
-1 -1 1 0 
6004 4
1 4 7 8 
0 0 4 1 
-1 -1 2 0 
-1 -1 -1 -1 
6008 4
1 4 7 8 
1 4 1 -1 
2 0 -1 -1 
-1 -1 0 -1 
6080 4
2 5 7 8 
2 0 1 -1 
0 -1 0 -1 
-1 -1 -1 -1 
6096 4
3 5 7 8 
0 0 1 -1 
-1 -1 0 -1 
-1 -1 -1 0 
6100 4
3 5 7 8 
1 1 -1 -1 
0 -1 0 -1 
0 -1 -1 -1 
6112 4
3 5 7 8 
2 0 -1 -1 
1 -1 -1 -1 
0 -1 -1 -1 
6112 4
3 5 7 8 
-1 -1 2 0 
-1 -1 -1 1 
-1 0 -1 0 
6112 4
3 5 7 8 
-1 0 2 0 
-1 0 -1 1 
-1 -1 -1 0 
6116 4
3 5 7 8 
-1 1 2 0 
-1 -1 -1 1 
0 -1 -1 0 
6120 4
3 5 7 8 
1 2 0 0 
1 -1 -1 -1 
1 -1 -1 -1 
6128 4
3 5 7 8 
2 2 0 0 
1 0 -1 -1 
-1 -1 -1 -1 
6148 4
3 5 7 8 
3 1 -1 -1 
1 0 -1 -1 
-1 -1 -1 0 
6180 4
4 5 7 8 
1 1 -1 0 
-1 0 -1 -1 
-1 -1 -1 0 
6188 4
4 5 7 8 
2 0 -1 -1 
0 -1 -1 -1 
0 0 -1 -1 
6196 4
4 5 7 8 
2 1 -1 0 
1 -1 -1 -1 
-1 -1 -1 -1 
6196 4
4 5 7 8 
2 1 0 -1 
1 -1 0 -1 
-1 -1 -1 -1 
6196 4
4 5 7 8 
-1 2 1 0 
-1 -1 1 0 
-1 0 -1 -1 
6208 4
4 5 7 8 
0 2 2 1 
-1 0 -1 -1 
-1 -1 -1 -1 
6224 4
4 5 7 8 
0 3 1 -1 
0 0 -1 -1 
-1 -1 -1 -1 
6228 4
4 5 7 8 
1 3 1 -1 
0 0 -1 -1 
-1 -1 -1 -1 
6232 4
4 5 7 8 
1 3 1 -1 
1 -1 -1 -1 
-1 1 -1 -1 
6240 4
4 5 7 8 
2 3 1 -1 
-1 1 -1 -1 
0 -1 -1 -1 
6240 4
4 5 7 8 
2 3 1 0 
0 1 -1 -1 
-1 -1 -1 -1 
6240 4
4 5 7 8 
2 3 1 0 
-1 -1 0 1 
-1 -1 0 -1 
6244 4
4 5 7 8 
2 3 1 0 
-1 -1 1 1 
-1 0 -1 -1 
6252 4
4 5 7 8 
2 3 1 0 
2 -1 -1 -1 
0 -1 0 -1 
6256 4
4 5 7 8 
2 3 1 0 
2 -1 -1 -1 
1 -1 -1 0 
6276 4
4 5 7 8 
3 3 1 1 
1 -1 -1 -1 
0 -1 -1 -1 
6316 4
4 5 7 8 
4 2 -1 -1 
1 -1 -1 0 
0 -1 -1 -1 
6380 4
5 5 7 8 
1 2 -1 0 
0 -1 0 -1 
-1 -1 -1 -1 
6512 4
-1 6 7 8 
-1 1 2 0 
-1 -1 -1 1 
-1 -1 -1 0 
6512 4
6 7 8 -1 
1 2 0 -1 
1 -1 -1 0 
0 -1 -1 -1 
6512 4
-1 6 7 8 
-1 1 2 0 
-1 -1 1 0 
0 -1 -1 0 
6516 4
0 6 7 8 
-1 1 2 1 
-1 -1 1 0 
-1 0 -1 -1 
6516 4
0 6 7 8 
-1 1 2 1 
-1 0 1 0 
-1 0 -1 -1 
6516 4
0 6 7 8 
1 2 1 0 
0 1 0 -1 
0 -1 -1 -1 
6520 4
0 6 7 8 
1 2 1 0 
1 1 0 -1 
-1 -1 0 -1 
6528 4
0 6 7 8 
1 2 1 0 
-1 -1 2 0 
-1 0 -1 0 
6532 4
0 6 7 8 
1 2 1 1 
-1 0 2 0 
-1 0 -1 -1 
6536 4
0 6 7 8 
1 2 1 1 
-1 1 2 0 
-1 -1 -1 0 
6544 4
0 6 7 8 
-1 1 2 2 
-1 1 2 0 
-1 0 -1 0 
6572 4
0 6 7 8 
-1 2 3 2 
-1 0 -1 1 
0 -1 -1 -1 
6576 4
1 6 7 8 
-1 2 3 2 
0 0 -1 1 
-1 -1 -1 -1 
6576 4
1 6 7 8 
0 2 3 2 
-1 0 -1 1 
0 -1 -1 -1 
6580 4
1 6 7 8 
1 2 3 2 
0 0 -1 1 
-1 -1 -1 -1 
6588 4
2 6 7 8 
0 2 3 2 
-1 0 -1 1 
-1 -1 0 -1 
6588 4
2 6 7 8 
0 2 3 2 
0 1 -1 -1 
0 0 -1 -1 
6592 4
2 6 7 8 
1 2 3 2 
0 1 -1 -1 
-1 0 -1 1 
6592 4
2 6 7 8 
1 2 3 2 
0 1 -1 1 
-1 0 0 -1 
6604 4
2 6 7 8 
1 2 3 2 
0 2 1 -1 
1 -1 -1 -1 
6620 4
2 6 7 8 
1 3 3 2 
0 -1 1 -1 
1 -1 -1 0 
6652 4
2 6 7 8 
-1 1 4 2 
-1 0 0 1 
-1 -1 1 0 
6656 4
2 6 7 8 
-1 1 4 2 
-1 -1 1 1 
-1 0 1 0 
6664 4
2 6 7 8 
-1 1 4 2 
0 -1 -1 2 
-1 0 1 0 
6680 4
2 6 7 8 
0 1 4 3 
-1 0 1 0 
-1 -1 -1 0 
6680 4
2 6 7 8 
0 1 4 3 
0 1 0 -1 
0 -1 -1 0 
6692 4
2 6 7 8 
1 2 4 3 
0 0 0 0 
-1 -1 -1 -1 
6700 4
2 6 7 8 
1 2 4 3 
-1 -1 1 1 
-1 0 -1 -1 
6700 4
2 6 7 8 
1 2 4 3 
-1 0 1 1 
-1 -1 0 -1 
6708 4
2 6 7 8 
1 2 4 3 
-1 -1 0 2 
-1 -1 0 0 
6712 4
2 6 7 8 
1 2 4 3 
0 2 -1 -1 
1 -1 -1 0 
6728 4
2 6 7 8 
1 3 4 3 
0 0 -1 0 
1 -1 -1 -1 
6732 4
2 6 7 8 
1 3 4 3 
1 0 -1 -1 
1 1 -1 -1 
6740 4
2 6 7 8 
2 3 4 3 
1 0 -1 -1 
-1 1 0 -1 
6756 4
3 6 7 8 
1 3 4 3 
-1 0 0 -1 
0 1 -1 -1 
6756 4
3 6 7 8 
1 3 4 3 
0 0 0 -1 
0 1 -1 -1 
6760 4
3 6 7 8 
1 3 4 3 
1 0 0 0 
-1 1 -1 -1 
6768 4
3 6 7 8 
2 3 4 3 
-1 0 0 0 
-1 1 0 -1 
6772 4
3 6 7 8 
2 3 4 3 
1 0 -1 -1 
1 0 -1 1 
6784 4
3 6 7 8 
2 3 4 3 
2 1 0 1 
-1 -1 -1 -1 
6800 4
3 6 7 8 
3 3 4 3 
0 1 0 1 
-1 -1 -1 -1 
6832 4
4 6 7 8 
0 3 4 3 
-1 1 0 1 
-1 -1 0 -1 
6836 4
4 6 7 8 
0 3 4 3 
-1 1 1 1 
0 -1 -1 -1 
6844 4
4 6 7 8 
0 3 4 3 
2 1 -1 -1 
0 -1 0 -1 
6844 4
4 6 7 8 
0 3 4 3 
2 1 0 -1 
0 -1 -1 0 
6848 4
4 6 7 8 
0 3 4 3 
-1 2 1 0 
-1 0 -1 1 
6848 4
4 6 7 8 
0 3 4 3 
2 1 0 -1 
0 1 0 -1 
6860 4
4 6 7 8 
0 3 4 3 
2 2 1 0 
0 -1 -1 -1 
6876 4
4 6 7 8 
0 3 4 3 
3 1 0 0 
0 -1 -1 -1 
6880 4
4 6 7 8 
0 3 4 3 
-1 3 1 1 
0 -1 -1 0 
6916 4
4 6 7 8 
1 4 4 3 
-1 -1 1 1 
1 -1 -1 0 
6988 4
4 6 7 8 
-1 1 5 3 
-1 -1 -1 2 
0 -1 1 0 
6988 4
4 6 7 8 
0 1 5 3 
-1 -1 1 2 
-1 -1 0 0 
6992 4
4 6 7 8 
0 1 5 3 
-1 -1 1 2 
0 -1 -1 1 
6996 4
4 6 7 8 
1 1 5 3 
-1 -1 1 2 
-1 0 -1 1 
7004 4
4 6 7 8 
2 5 3 -1 
1 2 0 -1 
0 1 -1 -1 
7004 4
4 6 7 8 
-1 2 5 3 
-1 1 2 0 
0 -1 0 1 
7008 4
4 6 7 8 
2 5 3 -1 
1 2 0 0 
1 1 -1 -1 
7016 4
4 6 7 8 
2 5 3 0 
2 2 0 0 
-1 1 -1 -1 
7036 4
4 6 7 8 
3 5 3 1 
-1 2 0 0 
-1 1 -1 -1 
7040 4
4 6 7 8 
3 5 3 1 
2 1 -1 -1 
1 0 -1 -1 
7040 4
4 6 7 8 
3 5 3 1 
0 -1 2 1 
-1 -1 1 0 
7048 4
4 6 7 8 
3 5 3 2 
0 -1 2 0 
-1 -1 1 0 
7048 4
4 6 7 8 
3 5 3 2 
-1 0 2 0 
-1 0 1 0 
7056 4
4 6 7 8 
3 5 3 2 
-1 1 2 1 
-1 -1 1 1 
7064 4
4 6 7 8 
3 5 3 2 
1 2 1 -1 
2 -1 0 -1 
7064 4
4 6 7 8 
3 5 3 2 
0 1 2 1 
-1 -1 2 0 
7080 4
4 6 7 8 
3 5 3 2 
0 1 3 1 
1 -1 -1 0 
7112 4
4 6 7 8 
3 5 4 2 
0 1 -1 1 
1 -1 0 0 
7124 4
4 6 7 8 
3 5 4 2 
-1 -1 0 2 
0 -1 1 1 
7132 4
4 6 7 8 
3 5 4 2 
0 2 -1 -1 
0 2 -1 0 
7152 4
4 6 7 8 
3 5 4 2 
1 3 0 0 
-1 -1 -1 -1 
7156 4
4 6 7 8 
3 5 4 2 
-1 1 3 1 
-1 0 -1 -1 
7156 4
4 6 7 8 
3 5 4 2 
-1 1 3 1 
-1 0 -1 0 
7160 4
4 6 7 8 
3 5 4 2 
1 3 1 0 
1 -1 -1 -1 
7168 4
4 6 7 8 
3 5 4 2 
2 3 1 0 
-1 0 -1 -1 
7168 4
4 6 7 8 
3 5 4 2 
2 3 1 0 
0 0 -1 -1 
7172 4
4 6 7 8 
3 5 4 2 
2 3 1 0 
1 0 -1 -1 
7172 4
4 6 7 8 
3 5 4 2 
2 3 1 0 
0 -1 1 0 
7172 4
4 6 7 8 
3 5 4 2 
2 3 1 0 
0 0 1 0 
7176 4
4 6 7 8 
3 5 4 2 
2 3 1 0 
1 1 0 0 
7188 4
4 6 7 8 
3 5 4 2 
2 3 1 0 
2 1 1 -1 
7212 4
4 6 7 8 
3 5 4 2 
3 3 2 0 
-1 1 0 -1 
7244 4
4 6 7 8 
4 5 4 2 
0 3 2 0 
-1 1 0 -1 
7308 4
5 6 7 8 
0 5 4 2 
-1 3 2 0 
0 1 0 -1 
7308 4
5 6 7 8 
0 5 4 2 
-1 3 2 0 
0 0 1 0 
7316 4
5 6 7 8 
1 5 4 2 
0 3 2 1 
-1 0 1 -1 
7316 4
5 6 7 8 
1 5 4 2 
0 3 2 1 
0 1 0 -1 
7320 4
5 6 7 8 
1 5 4 2 
1 3 2 1 
-1 1 0 1 
7336 4
5 6 7 8 
2 5 4 2 
0 3 2 2 
-1 1 0 -1 
7352 4
5 6 7 8 
2 5 4 2 
0 3 3 0 
1 0 -1 -1 
7384 4
5 6 7 8 
2 5 4 2 
0 0 4 0 
-1 -1 1 0 
7452 4
5 6 7 8 
2 5 5 2 
0 0 1 1 
-1 -1 0 -1 
7592 4
5 6 7 8 
2 6 2 0 
1 2 -1 -1 
0 -1 -1 -1 
7848 4
5 7 7 8 
2 2 2 0 
1 -1 -1 -1 
0 -1 0 -1 
8380 4
-1 5 8 8 
-1 2 3 0 
-1 -1 -1 1 
-1 0 -1 1 
9404 4
-1 -1 5 9 
-1 2 3 0 
-1 -1 1 1 
-1 -1 0 1 
9412 4
-1 2 5 9 
-1 -1 3 0 
-1 0 1 2 
-1 -1 0 -1 
9412 4
-1 2 5 9 
-1 0 3 0 
0 -1 1 2 
-1 -1 0 -1 
9412 4
0 2 5 9 
-1 0 3 0 
-1 -1 1 2 
-1 -1 0 1 
9412 4
0 2 5 9 
0 3 0 -1 
1 2 -1 -1 
0 1 -1 0 
9412 4
0 2 5 9 
-1 0 3 0 
0 -1 1 2 
-1 0 1 0 
9428 4
1 2 5 9 
-1 1 3 0 
-1 0 2 2 
-1 -1 -1 0 
9444 4
1 2 5 9 
1 3 0 -1 
0 3 -1 -1 
0 -1 0 -1 
9448 4
1 2 5 9 
-1 1 3 0 
-1 -1 0 3 
-1 0 -1 1 
9448 4
1 2 5 9 
-1 1 3 0 
-1 0 0 3 
-1 -1 0 1 
9452 4
1 2 5 9 
1 3 0 -1 
1 3 -1 -1 
0 1 -1 0 
9492 4
2 2 5 9 
1 4 0 0 
0 1 0 -1 
-1 -1 -1 -1 
9512 4
-1 3 5 9 
-1 1 4 1 
-1 0 1 0 
-1 -1 0 -1 
9512 4
3 5 9 -1 
1 4 1 0 
0 1 0 -1 
0 -1 -1 -1 
9512 4
-1 3 5 9 
1 4 1 0 
0 0 1 0 
-1 -1 -1 0 
9524 4
1 3 5 9 
0 4 2 1 
-1 0 0 0 
-1 -1 -1 -1 
9528 4
1 3 5 9 
0 4 2 1 
-1 -1 0 1 
-1 -1 0 -1 
9528 4
1 3 5 9 
0 4 2 1 
-1 -1 0 1 
-1 -1 0 0 
9540 4
1 3 5 9 
0 4 2 2 
-1 -1 1 0 
-1 0 -1 -1 
9556 4
1 3 5 9 
0 4 3 -1 
1 0 -1 -1 
0 -1 -1 0 
9560 4
1 3 5 9 
-1 0 4 3 
0 -1 1 0 
-1 -1 -1 1 
9560 4
1 3 5 9 
0 0 4 3 
-1 -1 1 0 
-1 -1 0 1 
9564 4
1 3 5 9 
1 4 3 -1 
1 0 0 -1 
0 1 -1 -1 
9572 4
2 3 5 9 
1 4 3 -1 
0 0 0 1 
-1 1 -1 -1 
9576 4
2 3 5 9 
1 4 3 -1 
1 0 1 0 
1 -1 -1 -1 
9584 4
2 3 5 9 
2 4 3 0 
1 0 1 -1 
-1 -1 -1 0 
9604 4
3 3 5 9 
1 4 3 1 
0 0 1 -1 
-1 -1 -1 -1 
9640 4
-1 4 5 9 
1 4 3 1 
-1 -1 1 1 
0 -1 -1 -1 
9712 4
1 5 5 9 
0 -1 3 2 
-1 1 1 -1 
-1 -1 -1 -1 
9848 4
-1 1 6 9 
-1 0 3 2 
-1 -1 -1 2 
-1 -1 0 -1 
9864 4
-1 1 6 9 
0 0 3 3 
-1 -1 0 -1 
-1 -1 -1 -1 
9864 4
0 1 6 9 
0 0 3 3 
-1 -1 0 -1 
-1 -1 -1 -1 
9900 4
0 1 6 9 
-1 -1 1 4 
-1 0 -1 0 
-1 -1 -1 -1 
9900 4
0 1 6 9 
-1 0 1 4 
0 -1 -1 0 
-1 -1 -1 -1 
9904 4
1 1 6 9 
-1 0 1 4 
-1 -1 -1 0 
-1 0 -1 -1 
9912 4
-1 2 6 9 
-1 0 1 4 
-1 -1 -1 0 
-1 0 -1 0 
9920 4
-1 2 6 9 
-1 1 1 4 
-1 -1 -1 1 
-1 0 -1 -1 
9920 4
-1 2 6 9 
-1 1 1 4 
-1 0 -1 1 
-1 0 -1 -1 
9924 4
-1 2 6 9 
-1 1 1 4 
-1 1 0 1 
-1 -1 -1 -1 
9932 4
-1 2 6 9 
-1 2 1 4 
-1 -1 0 1 
-1 -1 -1 0 
9948 4
-1 3 6 9 
-1 -1 1 4 
-1 0 0 1 
-1 -1 -1 0 
9948 4
0 3 6 9 
-1 0 1 4 
-1 -1 0 1 
-1 -1 -1 0 
9948 4
0 3 6 9 
0 1 4 -1 
0 1 -1 -1 
0 -1 -1 0 
9952 4
0 3 6 9 
0 0 1 4 
-1 -1 0 1 
-1 -1 -1 1 
9956 4
0 3 6 9 
1 1 4 -1 
0 1 -1 -1 
1 -1 -1 0 
9964 4
0 3 6 9 
1 2 4 0 
0 -1 0 -1 
1 -1 -1 -1 
9968 4
0 3 6 9 
1 2 4 0 
-1 -1 -1 1 
-1 -1 0 1 
9976 4
0 3 6 9 
1 2 4 0 
0 -1 0 2 
-1 -1 -1 -1 
9980 4
0 3 6 9 
1 2 4 0 
-1 -1 1 2 
-1 0 -1 -1 
9980 4
0 3 6 9 
1 2 4 0 
0 0 1 2 
-1 -1 -1 -1 
9984 4
0 3 6 9 
1 2 4 0 
1 1 2 -1 
1 -1 -1 -1 
9992 4
0 3 6 9 
2 2 4 0 
1 1 2 -1 
-1 -1 -1 0 
10016 4
0 3 6 9 
-1 3 4 0 
-1 -1 2 2 
0 -1 -1 0 
10052 4
1 4 6 9 
-1 -1 4 0 
-1 1 2 2 
-1 -1 -1 0 
10052 4
1 4 6 9 
-1 1 4 0 
-1 0 2 2 
-1 -1 -1 0 
10068 4
1 4 6 9 
-1 1 4 0 
0 -1 0 3 
-1 -1 -1 0 
10068 4
1 4 6 9 
0 1 4 0 
-1 0 0 3 
-1 -1 -1 0 
10072 4
1 4 6 9 
0 1 4 0 
1 3 -1 -1 
0 0 -1 -1 
10076 4
1 4 6 9 
0 1 4 0 
-1 -1 1 3 
-1 0 -1 1 
10076 4
1 4 6 9 
0 1 4 0 
0 0 1 3 
-1 -1 -1 1 
10080 4
1 4 6 9 
0 1 4 0 
1 1 3 -1 
1 0 -1 -1 
10088 4
1 4 6 9 
0 1 4 0 
-1 -1 2 3 
0 -1 1 0 
10092 4
1 4 6 9 
1 1 4 0 
0 -1 2 3 
-1 -1 1 0 
10100 4
2 4 6 9 
0 1 4 0 
-1 -1 2 3 
-1 0 1 0 
10100 4
2 4 6 9 
0 1 4 0 
-1 0 2 3 
0 -1 1 0 
10100 4
2 4 6 9 
0 1 4 0 
0 2 3 -1 
0 1 0 1 
10104 4
2 4 6 9 
1 1 4 0 
0 2 3 1 
-1 1 0 0 
10116 4
2 4 6 9 
2 4 0 -1 
0 2 3 1 
1 1 -1 1 
10204 4
3 5 6 9 
0 2 0 2 
1 1 3 -1 
0 -1 -1 -1 
10212 4
3 5 6 9 
0 2 0 2 
-1 -1 2 3 
-1 -1 0 0 
10216 4
3 5 6 9 
0 2 0 2 
-1 -1 2 3 
-1 -1 0 1 
10216 4
3 5 6 9 
0 2 0 2 
2 3 -1 0 
0 1 -1 -1 
10216 4
3 5 6 9 
0 2 0 2 
2 3 0 0 
0 1 -1 -1 
10220 4
3 5 6 9 
0 2 1 2 
2 3 -1 0 
0 1 -1 0 
10224 4
3 5 6 9 
0 2 1 2 
2 3 -1 1 
0 1 1 -1 
10232 4
3 5 6 9 
0 2 1 2 
2 3 1 -1 
0 2 0 -1 
10240 4
3 5 6 9 
0 2 2 2 
2 3 0 -1 
0 2 0 -1 
10256 4
3 5 6 9 
0 3 2 -1 
2 3 0 -1 
0 2 0 0 
10292 4
3 5 6 9 
0 4 2 0 
2 2 1 -1 
0 -1 1 -1 
10308 4
3 5 6 9 
0 4 2 0 
-1 -1 3 1 
-1 0 0 1 
10316 4
3 5 6 9 
0 4 2 0 
-1 0 3 2 
0 -1 0 -1 
10320 4
3 5 6 9 
0 4 2 0 
0 3 2 -1 
1 0 -1 -1 
10340 4
3 5 6 9 
1 4 3 0 
1 3 -1 -1 
-1 0 -1 0 
10352 4
3 5 6 9 
2 4 3 1 
-1 3 -1 -1 
-1 0 -1 0 
10356 4
3 5 6 9 
2 4 3 1 
-1 -1 0 3 
-1 -1 -1 1 
10356 4
3 5 6 9 
2 4 3 1 
0 3 -1 0 
1 -1 -1 -1 
10356 4
3 5 6 9 
2 4 3 1 
-1 0 3 0 
-1 0 -1 1 
10392 4
3 5 6 9 
2 4 4 1 
-1 1 -1 0 
0 -1 -1 1 
10392 4
3 5 6 9 
2 4 4 1 
0 1 -1 0 
-1 -1 0 1 
10456 4
3 5 6 9 
2 5 1 -1 
0 1 0 -1 
0 1 -1 0 
10596 4
3 6 6 9 
2 2 1 0 
1 -1 0 0 
-1 -1 -1 -1 
10872 4
3 7 9 -1 
3 1 0 -1 
1 1 -1 -1 
-1 -1 -1 0 
10880 4
-1 3 7 9 
-1 3 1 0 
-1 -1 -1 2 
-1 0 -1 0 
10912 4
-1 4 7 9 
0 0 1 0 
-1 -1 -1 2 
-1 -1 -1 0 
10912 4
0 4 7 9 
-1 0 1 0 
-1 0 -1 2 
-1 -1 -1 0 
10916 4
0 4 7 9 
-1 1 1 0 
-1 -1 -1 2 
0 -1 -1 0 
10920 4
1 4 7 9 
-1 1 1 0 
-1 -1 0 2 
-1 -1 -1 0 
10928 4
1 4 7 9 
2 0 0 -1 
0 2 -1 -1 
0 -1 -1 -1 
10932 4
1 4 7 9 
2 0 0 -1 
1 2 -1 0 
-1 -1 -1 -1 
10936 4
1 4 7 9 
-1 -1 2 1 
-1 1 2 0 
-1 -1 -1 0 
10956 4
1 4 7 9 
-1 1 3 1 
-1 -1 -1 1 
0 -1 -1 -1 
10956 4
1 4 7 9 
1 3 1 -1 
1 -1 -1 0 
0 -1 -1 -1 
10964 4
2 4 7 9 
1 3 1 0 
0 -1 0 -1 
-1 -1 -1 -1 
10968 4
2 4 7 9 
1 3 1 0 
-1 0 -1 1 
-1 -1 -1 -1 
10968 4
2 4 7 9 
1 3 1 0 
0 1 -1 0 
-1 -1 -1 -1 
10968 4
2 4 7 9 
1 3 1 0 
-1 0 1 0 
0 -1 -1 -1 
10980 4
2 4 7 9 
1 3 2 1 
0 0 0 -1 
-1 -1 -1 -1 
10984 4
2 4 7 9 
1 3 2 1 
-1 -1 0 1 
0 -1 -1 -1 
10992 4
2 4 7 9 
1 3 2 2 
0 -1 0 0 
-1 -1 -1 -1 
11012 4
2 4 7 9 
1 3 3 -1 
1 0 -1 -1 
-1 -1 0 -1 
11044 4
2 4 7 9 
1 4 -1 -1 
1 0 -1 -1 
0 -1 -1 0 
11116 4
2 5 7 9 
2 0 -1 0 
0 -1 -1 -1 
-1 0 -1 -1 
11136 4
3 5 7 9 
0 1 -1 0 
-1 -1 -1 0 
-1 -1 -1 -1 
11136 4
3 5 7 9 
0 1 0 -1 
0 -1 -1 -1 
0 -1 -1 -1 
11140 4
3 5 7 9 
1 1 0 -1 
0 -1 -1 -1 
-1 -1 -1 1 
11148 4
3 5 7 9 
2 0 -1 -1 
0 -1 -1 1 
1 -1 -1 -1 
11148 4
3 5 7 9 
2 0 -1 1 
0 1 -1 -1 
1 -1 -1 -1 
11148 4
3 5 7 9 
-1 2 0 1 
0 -1 0 1 
-1 -1 -1 1 
11160 4
3 5 7 9 
0 2 1 2 
0 -1 -1 1 
-1 -1 -1 -1 
11164 4
3 5 7 9 
1 2 1 2 
-1 -1 -1 1 
-1 -1 -1 0 
11164 4
3 5 7 9 
1 2 1 2 
1 -1 -1 -1 
0 -1 0 -1 
11172 4
3 5 7 9 
2 2 1 2 
0 -1 0 -1 
-1 0 -1 -1 
11192 4
3 5 7 9 
3 1 2 -1 
1 -1 -1 -1 
0 -1 -1 0 
11224 4
4 5 7 9 
1 1 2 0 
0 -1 -1 -1 
-1 0 -1 -1 
11232 4
4 5 7 9 
2 2 0 -1 
0 -1 -1 -1 
0 0 -1 -1 
11252 4
4 5 7 9 
3 0 -1 -1 
0 -1 -1 -1 
1 -1 -1 0 
11252 4
4 5 7 9 
0 -1 3 0 
-1 -1 -1 0 
-1 -1 1 0 
11252 4
4 5 7 9 
0 3 0 -1 
0 -1 -1 -1 
1 0 -1 0 
11256 4
4 5 7 9 
1 3 0 0 
1 0 -1 -1 
-1 -1 0 -1 
11268 4
4 5 7 9 
2 3 1 0 
-1 0 -1 -1 
-1 0 -1 -1 
11272 4
4 5 7 9 
2 3 1 0 
-1 1 -1 1 
-1 -1 -1 -1 
11280 4
4 5 7 9 
2 3 1 0 
2 0 -1 -1 
-1 -1 -1 -1 
11296 4
4 5 7 9 
3 3 1 0 
0 0 -1 -1 
-1 -1 -1 -1 
11332 4
4 5 7 9 
4 1 0 -1 
1 -1 -1 0 
-1 -1 -1 -1 
11396 4
5 5 7 9 
1 1 0 0 
0 -1 -1 -1 
-1 -1 -1 -1 
11536 4
-1 6 7 9 
-1 -1 2 1 
-1 -1 -1 0 
-1 0 -1 -1 
11536 4
-1 6 7 9 
0 0 2 1 
-1 -1 -1 0 
-1 -1 -1 -1 
11536 4
0 6 7 9 
-1 0 2 1 
-1 -1 -1 0 
-1 -1 -1 1 
11536 4
0 6 7 9 
0 2 1 -1 
0 -1 -1 0 
1 -1 -1 -1 
11540 4
1 6 7 9 
0 2 1 0 
1 -1 -1 -1 
-1 0 -1 -1 
11540 4
1 6 7 9 
0 2 1 0 
-1 -1 -1 1 
0 -1 -1 0 
11544 4
1 6 7 9 
1 2 1 0 
-1 -1 0 1 
-1 -1 -1 0 
11552 4
2 6 7 9 
-1 2 1 0 
-1 -1 0 1 
-1 -1 0 0 
11556 4
2 6 7 9 
2 1 0 -1 
0 1 0 -1 
1 -1 -1 -1 
11584 4
3 6 7 9 
0 2 1 0 
1 -1 -1 -1 
-1 -1 -1 -1 
11584 4
3 6 7 9 
0 2 1 0 
-1 -1 -1 1 
0 -1 -1 -1 
11588 4
3 6 7 9 
1 2 1 0 
-1 -1 0 1 
-1 -1 -1 -1 
11588 4
3 6 7 9 
1 2 1 0 
0 1 0 -1 
-1 -1 -1 -1 
11588 4
3 6 7 9 
1 2 1 0 
0 0 1 0 
-1 -1 -1 -1 
11600 4
3 6 7 9 
1 2 2 1 
0 0 -1 -1 
-1 -1 -1 0 
11620 4
3 6 7 9 
1 3 1 -1 
1 -1 0 -1 
0 -1 -1 -1 
11628 4
3 6 7 9 
2 3 1 -1 
0 -1 0 -1 
-1 1 -1 -1 
11632 4
3 6 7 9 
2 3 1 0 
1 -1 -1 -1 
1 -1 -1 -1 
11640 4
3 6 7 9 
2 3 1 0 
2 -1 -1 0 
-1 -1 -1 -1 
11660 4
3 6 7 9 
3 3 1 1 
-1 -1 -1 -1 
-1 -1 0 -1 
11692 4
4 6 7 9 
0 3 1 1 
-1 -1 0 -1 
-1 -1 -1 -1 
11700 4
4 6 7 9 
-1 0 3 2 
-1 -1 -1 0 
-1 0 -1 -1 
11704 4
4 6 7 9 
-1 1 3 2 
-1 -1 -1 0 
-1 -1 -1 0 
11708 4
4 6 7 9 
-1 1 3 2 
-1 0 -1 1 
-1 -1 -1 -1 
11708 4
4 6 7 9 
1 3 2 -1 
0 1 -1 -1 
-1 -1 -1 0 
11708 4
4 6 7 9 
-1 1 3 2 
-1 -1 0 1 
-1 1 -1 0 
11716 4
4 6 7 9 
-1 2 3 2 
-1 -1 0 1 
-1 0 -1 0 
11716 4
4 6 7 9 
0 2 3 2 
-1 0 0 1 
-1 -1 -1 0 
11720 4
4 6 7 9 
0 2 3 2 
0 -1 1 1 
-1 -1 -1 0 
11724 4
4 6 7 9 
1 2 3 2 
-1 0 1 1 
-1 -1 -1 0 
11732 4
4 6 7 9 
1 2 3 2 
0 2 -1 -1 
0 -1 0 -1 
11752 4
4 6 7 9 
1 3 3 2 
1 -1 0 -1 
1 -1 -1 -1 
11760 4
4 6 7 9 
2 3 3 2 
1 -1 0 0 
-1 -1 -1 -1 
11796 4
4 6 7 9 
2 4 2 -1 
1 1 -1 -1 
-1 -1 -1 1 
11796 4
4 6 7 9 
2 4 2 1 
1 1 0 -1 
-1 -1 -1 -1 
11804 4
4 6 7 9 
2 4 2 1 
2 0 -1 -1 
0 -1 -1 -1 
11820 4
4 6 7 9 
3 4 2 1 
0 0 0 -1 
-1 -1 -1 -1 
11824 4
4 6 7 9 
3 4 2 1 
1 0 -1 -1 
-1 0 -1 -1 
11828 4
4 6 7 9 
3 4 2 1 
1 1 0 -1 
-1 -1 -1 -1 
11836 4
4 6 7 9 
3 4 2 1 
2 0 -1 -1 
0 -1 -1 -1 
11836 4
4 6 7 9 
3 4 2 1 
0 -1 2 0 
-1 -1 -1 0 
11856 4
4 6 7 9 
3 4 3 1 
0 0 -1 1 
-1 -1 -1 -1 
11860 4
4 6 7 9 
3 4 3 1 
1 1 -1 -1 
-1 -1 -1 1 
11868 4
4 6 7 9 
3 4 3 1 
2 -1 -1 -1 
1 -1 1 -1 
11868 4
4 6 7 9 
3 4 3 1 
2 0 1 -1 
1 -1 -1 -1 
11868 4
4 6 7 9 
3 4 3 1 
-1 2 0 1 
-1 -1 0 1 
11880 4
4 6 7 9 
3 4 3 2 
-1 2 1 1 
-1 -1 0 -1 
11888 4
4 6 7 9 
3 4 3 2 
2 2 0 -1 
0 -1 -1 -1 
11904 4
4 6 7 9 
3 4 3 2 
3 0 -1 -1 
0 -1 -1 0 
11936 4
4 6 7 9 
4 4 3 2 
0 0 -1 0 
-1 0 -1 -1 
12004 4
5 6 7 9 
0 4 3 2 
-1 1 -1 0 
0 -1 -1 -1 
12008 4
5 6 7 9 
1 4 3 2 
-1 1 -1 0 
-1 -1 0 -1 
12008 4
5 6 7 9 
1 4 3 2 
1 0 -1 -1 
0 -1 0 -1 
12016 4
5 6 7 9 
2 4 3 2 
0 0 0 0 
-1 -1 -1 -1 
12024 4
5 6 7 9 
2 4 3 2 
1 1 0 -1 
-1 -1 -1 -1 
12032 4
5 6 7 9 
2 4 3 2 
2 0 -1 0 
-1 -1 -1 -1 
12048 4
5 6 7 9 
3 4 3 2 
-1 0 -1 0 
-1 0 -1 -1 
12052 4
5 6 7 9 
3 4 3 2 
1 -1 -1 -1 
0 -1 0 -1 
12056 4
5 6 7 9 
3 4 3 2 
1 -1 0 -1 
1 -1 -1 -1 
12064 4
5 6 7 9 
3 4 3 2 
2 -1 0 -1 
-1 -1 -1 0 
12064 4
5 6 7 9 
3 4 3 2 
2 0 0 -1 
0 -1 -1 -1 
12068 4
5 6 7 9 
3 4 3 2 
2 1 -1 -1 
0 1 -1 -1 
12076 4
5 6 7 9 
3 4 3 2 
2 2 -1 -1 
0 -1 0 -1 
12096 4
5 6 7 9 
3 4 3 2 
3 -1 -1 -1 
1 -1 0 -1 
12128 4
5 6 7 9 
4 4 3 2 
1 -1 0 -1 
0 -1 -1 -1 
12192 4
5 6 7 9 
5 3 2 -1 
1 0 1 -1 
0 -1 -1 -1 
12320 4
6 6 7 9 
1 3 2 0 
0 0 1 -1 
-1 -1 -1 -1 
12580 4
-1 7 7 9 
1 3 2 0 
-1 -1 1 1 
0 -1 -1 -1 
13100 4
-1 -1 8 9 
1 3 2 0 
-1 -1 -1 2 
1 -1 -1 0 
13108 4
2 3 8 9 
-1 -1 2 0 
-1 0 -1 2 
-1 -1 -1 0 
13108 4
2 3 8 9 
-1 0 2 0 
-1 -1 -1 2 
-1 0 -1 0 
13112 4
2 3 8 9 
-1 1 2 0 
-1 -1 -1 2 
0 -1 -1 0 
13112 4
2 3 8 9 
0 1 2 0 
-1 0 -1 2 
-1 -1 -1 0 
13112 4
2 3 8 9 
0 1 2 0 
0 2 -1 -1 
0 -1 -1 0 
13120 4
2 3 8 9 
1 1 2 1 
0 2 -1 0 
-1 -1 -1 -1 
13128 4
2 3 8 9 
2 2 1 -1 
0 2 0 -1 
0 -1 -1 -1 
13164 4
3 3 8 9 
1 3 1 -1 
-1 -1 0 -1 
-1 0 -1 -1 
13196 4
3 4 8 9 
1 0 1 -1 
0 -1 0 -1 
-1 -1 -1 -1 
13200 4
3 4 8 9 
1 0 1 -1 
1 -1 0 -1 
-1 -1 -1 -1 
13208 4
3 4 8 9 
2 0 1 -1 
-1 -1 0 -1 
-1 -1 0 -1 
13208 4
3 4 8 9 
2 0 1 -1 
0 -1 -1 -1 
0 0 -1 -1 
13212 4
3 4 8 9 
-1 2 0 1 
0 -1 -1 0 
-1 -1 -1 1 
13216 4
3 4 8 9 
2 0 1 -1 
1 -1 0 -1 
1 -1 -1 -1 
13224 4
3 4 8 9 
2 0 1 -1 
2 -1 0 -1 
-1 -1 -1 0 
13240 4
3 4 8 9 
3 0 1 0 
-1 -1 0 -1 
-1 0 -1 -1 
13276 4
4 4 8 9 
-1 1 1 0 
-1 -1 0 -1 
-1 -1 0 -1 
13348 4
-1 5 8 9 
-1 -1 2 0 
-1 -1 -1 0 
0 -1 -1 0 
13352 4
0 5 8 9 
-1 -1 2 1 
-1 -1 -1 0 
-1 0 -1 -1 
13352 4
0 5 8 9 
-1 0 2 1 
-1 -1 -1 0 
-1 0 -1 -1 
13352 4
0 5 8 9 
0 2 1 -1 
0 -1 -1 -1 
0 0 -1 -1 
13360 4
1 5 8 9 
1 2 1 -1 
-1 0 -1 -1 
0 -1 -1 -1 
13368 4
2 5 8 9 
0 2 1 -1 
-1 0 -1 -1 
0 -1 -1 -1 
13368 4
2 5 8 9 
-1 0 2 1 
-1 0 -1 0 
-1 -1 -1 0 
13376 4
2 5 8 9 
-1 1 2 1 
-1 -1 -1 1 
-1 -1 0 -1 
13376 4
2 5 8 9 
1 2 1 -1 
1 -1 0 -1 
0 -1 -1 -1 
13384 4
2 5 8 9 
2 2 1 -1 
0 -1 0 -1 
0 -1 -1 -1 
13404 4
2 5 8 9 
3 1 -1 -1 
1 -1 -1 0 
0 -1 -1 -1 
13404 4
2 5 8 9 
3 1 -1 0 
1 -1 -1 0 
0 -1 -1 -1 
13404 4
2 5 8 9 
-1 3 1 0 
0 -1 1 0 
-1 -1 -1 0 
13416 4
2 5 8 9 
0 3 2 1 
-1 -1 -1 0 
-1 -1 0 -1 
13416 4
2 5 8 9 
0 3 2 1 
0 -1 -1 -1 
0 0 -1 -1 
13420 4
2 5 8 9 
1 3 2 1 
0 0 -1 -1 
0 -1 -1 -1 
13424 4
2 5 8 9 
1 3 2 1 
1 0 -1 -1 
0 -1 -1 -1 
13432 4
2 5 8 9 
2 3 2 1 
0 0 -1 -1 
-1 -1 -1 0 
13448 4
3 5 8 9 
0 3 2 1 
0 0 -1 0 
-1 -1 -1 -1 
13452 4
3 5 8 9 
1 3 2 1 
-1 0 -1 0 
-1 -1 -1 0 
13456 4
3 5 8 9 
1 3 2 1 
1 -1 1 -1 
0 -1 -1 -1 
13464 4
3 5 8 9 
2 3 2 1 
0 -1 1 -1 
-1 -1 -1 0 
13464 4
3 5 8 9 
2 3 2 1 
0 1 -1 -1 
0 -1 -1 0 
13468 4
3 5 8 9 
2 3 2 1 
1 1 -1 0 
0 -1 -1 -1 
13476 4
3 5 8 9 
2 3 2 1 
2 0 0 -1 
0 -1 -1 -1 
13492 4
3 5 8 9 
3 3 2 1 
0 0 0 0 
-1 -1 -1 -1 
13524 4
4 5 8 9 
0 3 2 1 
-1 0 0 0 
-1 -1 -1 1 
13528 4
4 5 8 9 
0 3 2 1 
1 0 -1 -1 
1 -1 0 -1 
13536 4
4 5 8 9 
0 3 2 1 
2 0 0 0 
-1 -1 -1 -1 
13540 4
4 5 8 9 
0 3 2 1 
-1 2 0 1 
-1 -1 -1 0 
13548 4
4 5 8 9 
0 3 2 2 
-1 2 0 0 
0 -1 -1 -1 
13552 4
4 5 8 9 
1 3 2 2 
-1 2 0 0 
0 -1 -1 -1 
13572 4
4 5 8 9 
1 3 3 0 
2 1 -1 -1 
0 -1 -1 -1 
13604 4
4 5 8 9 
-1 1 4 0 
0 -1 2 1 
-1 -1 -1 0 
13604 4
4 5 8 9 
0 1 4 0 
-1 0 2 1 
-1 -1 -1 0 
13604 4
4 5 8 9 
0 1 4 0 
0 2 1 0 
0 -1 -1 -1 
13612 4
4 5 8 9 
1 1 4 1 
0 2 1 -1 
-1 -1 0 -1 
13620 4
4 5 8 9 
2 4 1 -1 
0 2 1 -1 
0 -1 0 -1 
13632 4
4 5 8 9 
2 4 2 -1 
1 2 0 -1 
0 -1 -1 -1 
13632 4
4 5 8 9 
-1 2 4 2 
-1 1 2 0 
-1 0 -1 0 
13636 4
4 5 8 9 
2 4 2 -1 
1 2 0 -1 
1 -1 -1 0 
13644 4
4 5 8 9 
2 4 2 0 
2 2 0 -1 
-1 -1 1 -1 
13660 4
4 5 8 9 
3 4 2 0 
-1 2 0 0 
-1 -1 1 -1 
13664 4
4 5 8 9 
3 4 2 1 
-1 2 0 -1 
-1 -1 1 0 
13664 4
4 5 8 9 
3 4 2 1 
-1 2 0 0 
-1 -1 1 0 
13668 4
4 5 8 9 
3 4 2 1 
2 1 -1 0 
1 0 -1 -1 
13668 4
4 5 8 9 
3 4 2 1 
-1 2 1 0 
0 -1 1 0 
13680 4
4 5 8 9 
3 4 2 1 
0 2 2 1 
-1 -1 -1 0 
13696 4
4 5 8 9 
3 4 2 1 
0 0 3 1 
-1 -1 -1 0 
13700 4
4 5 8 9 
3 4 2 1 
1 3 1 -1 
0 -1 0 -1 
13704 4
4 5 8 9 
3 4 2 1 
1 3 1 0 
1 -1 -1 -1 
13712 4
4 5 8 9 
3 4 2 1 
2 3 1 0 
-1 0 -1 -1 
13712 4
4 5 8 9 
3 4 2 1 
2 3 1 0 
0 1 -1 -1 
13712 4
4 5 8 9 
3 4 2 1 
2 3 1 0 
-1 0 0 1 
13716 4
4 5 8 9 
3 4 2 1 
2 3 1 0 
1 1 0 -1 
13724 4
4 5 8 9 
3 4 2 1 
2 3 1 0 
2 0 0 -1 
13740 4
4 5 8 9 
3 4 2 1 
3 3 1 0 
0 0 0 -1 
13772 4
4 5 8 9 
4 4 2 1 
0 3 1 0 
-1 0 0 0 
13840 4
5 5 8 9 
0 4 2 1 
-1 3 1 1 
-1 0 0 0 
13980 4
-1 6 8 9 
0 4 2 1 
-1 -1 3 2 
-1 0 0 1 
13980 4
0 6 8 9 
-1 4 2 1 
-1 0 3 2 
-1 0 0 1 
13984 4
0 6 8 9 
-1 4 2 1 
-1 1 3 2 
-1 0 0 1 
13988 4
0 6 8 9 
4 2 1 0 
1 3 2 -1 
1 1 -1 -1 
13996 4
0 6 8 9 
4 2 1 0 
2 3 2 0 
-1 1 -1 -1 
14000 4
0 6 8 9 
4 2 1 1 
2 3 2 -1 
-1 1 0 -1 
14008 4
0 6 8 9 
0 4 2 2 
-1 2 3 2 
-1 -1 1 0 
14028 4
1 6 8 9 
-1 4 2 3 
0 2 3 0 
-1 -1 1 -1 
14028 4
1 6 8 9 
0 4 2 3 
-1 2 3 0 
-1 0 1 -1 
14028 4
1 6 8 9 
0 4 2 3 
-1 2 3 0 
0 -1 0 1 
14032 4
1 6 8 9 
1 4 2 3 
-1 2 3 0 
-1 0 0 1 
14040 4
2 6 8 9 
0 4 2 3 
-1 2 3 0 
-1 0 0 1 
14044 4
2 6 8 9 
0 4 2 3 
0 2 3 0 
-1 -1 1 1 
14048 4
2 6 8 9 
1 4 2 3 
-1 2 3 0 
-1 0 1 1 
14056 4
2 6 8 9 
1 4 2 3 
0 2 3 0 
-1 -1 0 2 
14056 4
2 6 8 9 
1 4 2 3 
0 2 3 0 
0 2 0 -1 
14076 4
2 6 8 9 
1 4 2 3 
1 3 3 0 
0 -1 0 -1 
14112 4
2 6 8 9 
1 4 2 3 
1 4 0 0 
1 -1 -1 -1 
14184 4
2 6 8 9 
2 5 2 3 
1 -1 0 0 
0 -1 -1 -1 
14188 4
2 6 8 9 
2 5 2 3 
1 1 -1 -1 
0 -1 -1 0 
14200 4
2 6 8 9 
2 5 2 3 
2 -1 0 -1 
1 -1 -1 -1 
14216 4
3 6 8 9 
2 5 2 3 
1 0 0 -1 
-1 -1 -1 -1 
14220 4
3 6 8 9 
2 5 2 3 
1 1 -1 -1 
-1 0 -1 -1 
14228 4
3 6 8 9 
2 5 2 3 
2 -1 -1 0 
0 -1 -1 -1 
14244 4
3 6 8 9 
3 5 2 3 
0 -1 -1 0 
-1 -1 -1 0 
14280 4
4 6 8 9 
0 5 2 3 
-1 -1 -1 1 
-1 0 -1 -1 
14280 4
4 6 8 9 
0 5 2 3 
1 -1 -1 -1 
0 -1 -1 0 
14280 4
4 6 8 9 
0 5 2 3 
1 -1 -1 0 
0 -1 0 -1 
14284 4
4 6 8 9 
0 5 2 3 
-1 -1 1 0 
0 -1 -1 1 
14288 4
4 6 8 9 
1 5 2 3 
-1 -1 1 0 
0 -1 -1 1 
14288 4
4 6 8 9 
1 5 2 3 
1 0 -1 -1 
0 1 0 -1 
14296 4
4 6 8 9 
2 5 2 3 
0 0 0 -1 
0 1 -1 -1 
14300 4
4 6 8 9 
2 5 2 3 
1 0 -1 0 
0 1 -1 -1 
14304 4
4 6 8 9 
2 5 2 3 
1 1 -1 -1 
0 1 0 -1 
14312 4
4 6 8 9 
2 5 2 3 
2 0 -1 -1 
0 1 0 -1 
14328 4
4 6 8 9 
3 5 2 3 
0 0 0 -1 
-1 1 -1 0 
14332 4
4 6 8 9 
3 5 2 3 
1 0 -1 0 
1 0 -1 -1 
14344 4
4 6 8 9 
3 5 2 3 
2 1 -1 0 
-1 -1 0 -1 
14344 4
4 6 8 9 
3 5 2 3 
2 1 0 0 
-1 0 -1 -1 
14348 4
4 6 8 9 
3 5 2 3 
2 1 1 -1 
0 0 -1 -1 
14360 4
4 6 8 9 
3 5 2 3 
2 2 -1 -1 
1 0 -1 -1 
14376 4
4 6 8 9 
3 5 2 3 
3 -1 -1 -1 
1 0 -1 0 
14408 4
4 6 8 9 
4 5 2 3 
1 0 -1 0 
0 -1 -1 -1 
14472 4
5 6 8 9 
1 5 2 3 
0 0 -1 0 
0 -1 -1 -1 
14476 4
5 6 8 9 
1 5 2 3 
1 0 -1 0 
-1 0 -1 -1 
14488 4
5 6 8 9 
2 5 2 3 
-1 1 -1 0 
-1 -1 0 -1 
14488 4
5 6 8 9 
2 5 2 3 
1 0 -1 -1 
0 0 -1 -1 
14492 4
5 6 8 9 
2 5 2 3 
1 1 -1 -1 
0 -1 -1 0 
14504 4
5 6 8 9 
2 5 2 3 
2 -1 -1 -1 
1 0 -1 -1 
14520 4
5 6 8 9 
3 5 2 3 
1 0 -1 -1 
-1 0 -1 -1 
14524 4
5 6 8 9 
3 5 2 3 
1 1 -1 0 
-1 -1 -1 -1 
14532 4
5 6 8 9 
3 5 2 3 
2 0 -1 -1 
-1 0 -1 -1 
14536 4
5 6 8 9 
3 5 2 3 
2 1 -1 -1 
-1 -1 -1 0 
14536 4
5 6 8 9 
3 5 2 3 
2 1 -1 -1 
0 0 -1 -1 
14540 4
5 6 8 9 
3 5 2 3 
0 -1 2 1 
-1 -1 -1 1 
14564 4
5 6 8 9 
3 5 3 3 
0 -1 -1 2 
-1 0 -1 -1 
14596 4
5 6 8 9 
3 5 4 -1 
0 2 -1 -1 
0 -1 -1 0 
14600 4
5 6 8 9 
3 5 4 0 
1 2 -1 -1 
-1 -1 0 -1 
14600 4
5 6 8 9 
3 5 4 0 
1 2 -1 0 
0 -1 -1 -1 
14604 4
5 6 8 9 
3 5 4 1 
1 2 -1 -1 
0 -1 -1 0 
14608 4
5 6 8 9 
3 5 4 1 
1 2 -1 -1 
1 -1 1 -1 
14616 4
5 6 8 9 
3 5 4 1 
2 2 1 0 
-1 -1 -1 -1 
14632 4
5 6 8 9 
3 5 4 1 
3 1 0 -1 
0 -1 -1 -1 
14664 4
5 6 8 9 
4 5 4 1 
0 1 0 -1 
-1 -1 -1 0 
14664 4
5 6 8 9 
4 5 4 1 
0 1 0 0 
0 -1 -1 -1 
14668 4
5 6 8 9 
4 5 4 1 
1 1 0 0 
-1 0 -1 -1 
14680 4
5 6 8 9 
4 5 4 1 
2 1 -1 -1 
0 -1 -1 0 
14684 4
5 6 8 9 
4 5 4 1 
2 1 -1 -1 
1 0 -1 -1 
14684 4
5 6 8 9 
4 5 4 1 
-1 -1 2 1 
-1 0 1 0 
14684 4
5 6 8 9 
4 5 4 1 
2 1 -1 -1 
0 1 0 0 
14692 4
5 6 8 9 
4 5 4 1 
2 2 0 0 
0 -1 -1 0 
14716 4
5 6 8 9 
4 5 4 1 
3 1 -1 -1 
1 -1 -1 0 
14716 4
5 6 8 9 
4 5 4 1 
3 1 -1 0 
1 -1 -1 0 
14720 4
5 6 8 9 
4 5 4 1 
3 1 -1 1 
1 -1 0 -1 
14728 4
5 6 8 9 
4 5 4 1 
3 2 -1 0 
1 0 -1 -1 
14728 4
5 6 8 9 
4 5 4 1 
3 2 0 0 
1 0 -1 -1 
14732 4
5 6 8 9 
4 5 4 1 
3 2 1 -1 
1 0 -1 0 
14736 4
5 6 8 9 
4 5 4 1 
3 2 1 -1 
1 1 0 -1 
14744 4
5 6 8 9 
4 5 4 1 
-1 3 2 1 
0 -1 2 0 
14768 4
5 6 8 9 
4 5 4 2 
0 3 3 0 
-1 -1 -1 0 
14800 4
5 6 8 9 
4 5 4 2 
0 4 0 -1 
0 -1 -1 0 
14804 4
5 6 8 9 
4 5 4 2 
-1 0 4 0 
-1 0 -1 1 
14872 4
5 6 8 9 
4 5 5 2 
-1 1 0 0 
-1 -1 -1 1 
15004 4
5 6 8 9 
4 6 2 -1 
1 1 -1 -1 
1 -1 -1 0 
15268 4
5 7 8 9 
4 1 2 0 
2 -1 -1 -1 
-1 -1 0 -1 
15268 4
5 7 8 9 
4 1 2 0 
2 -1 0 -1 
-1 0 -1 -1 
15268 4
5 7 8 9 
4 1 2 0 
2 0 0 0 
-1 -1 -1 -1 
15272 4
5 7 8 9 
4 1 2 0 
2 1 0 0 
-1 -1 -1 -1 
15284 4
5 7 8 9 
4 2 2 1 
2 -1 0 -1 
-1 -1 0 -1 
15300 4
5 7 8 9 
4 3 1 -1 
2 0 -1 -1 
0 -1 -1 0 
15304 4
5 7 8 9 
0 4 3 1 
-1 -1 2 0 
-1 -1 -1 1 
15304 4
5 7 8 9 
0 4 3 1 
2 0 0 -1 
1 -1 -1 -1 
15308 4
5 7 8 9 
0 4 3 1 
-1 -1 2 1 
0 -1 -1 1 
15320 4
5 7 8 9 
1 4 3 2 
-1 -1 2 1 
-1 0 -1 -1 
15320 4
5 7 8 9 
1 4 3 2 
2 1 -1 -1 
0 -1 -1 0 
15324 4
5 7 8 9 
1 4 3 2 
-1 -1 2 1 
-1 -1 0 1 
15332 4
5 7 8 9 
1 4 3 2 
-1 0 2 2 
-1 -1 0 -1 
15348 4
5 7 8 9 
1 4 3 2 
0 3 -1 -1 
0 -1 -1 0 
15352 4
5 7 8 9 
1 4 3 2 
1 3 -1 0 
-1 1 -1 -1 
15360 4
5 7 8 9 
2 4 3 2 
0 3 -1 0 
-1 1 -1 -1 
15360 4
5 7 8 9 
2 4 3 2 
-1 0 3 0 
0 -1 -1 1 
15392 4
5 7 8 9 
2 4 4 2 
0 0 -1 0 
-1 0 -1 1 
15460 4
5 7 8 9 
2 5 2 0 
1 0 -1 -1 
0 1 -1 -1 
15460 4
5 7 8 9 
2 5 2 0 
0 -1 1 0 
-1 -1 0 1 
15464 4
5 7 8 9 
2 5 2 1 
0 -1 1 1 
-1 -1 0 0 
15472 4
5 7 8 9 
2 5 2 2 
0 0 1 0 
-1 -1 0 -1 
15492 4
5 7 8 9 
2 5 3 -1 
1 1 0 -1 
0 -1 -1 0 
15504 4
5 7 8 9 
-1 2 5 3 
-1 0 2 0 
-1 -1 -1 1 
15504 4
5 7 8 9 
2 5 3 -1 
0 2 0 -1 
1 -1 -1 0 
15504 4
5 7 8 9 
2 5 3 -1 
0 2 0 -1 
1 0 -1 0 
15508 4
5 7 8 9 
2 5 3 -1 
0 2 0 -1 
1 1 -1 0 
15516 4
5 7 8 9 
2 5 3 -1 
0 2 0 -1 
2 0 0 -1 
15520 4
5 7 8 9 
-1 2 5 3 
-1 0 2 0 
-1 0 2 1 
15540 4
5 7 8 9 
-1 2 5 3 
-1 1 3 0 
-1 -1 0 1 
15540 4
5 7 8 9 
2 5 3 -1 
1 3 0 -1 
0 1 -1 0 
15540 4
5 7 8 9 
2 5 3 0 
1 3 0 -1 
0 1 0 -1 
15544 4
5 7 8 9 
2 5 3 0 
1 3 1 -1 
0 1 -1 0 
15544 4
5 7 8 9 
2 5 3 0 
1 3 1 -1 
0 1 0 0 
15548 4
5 7 8 9 
2 5 3 0 
1 3 1 0 
0 1 1 -1 
15556 4
5 7 8 9 
2 5 3 0 
1 3 1 0 
-1 1 0 2 
15556 4
5 7 8 9 
2 5 3 0 
1 3 1 0 
1 0 2 0 
15568 4
5 7 8 9 
2 5 3 1 
2 3 1 0 
0 0 2 -1 
15572 4
5 7 8 9 
2 5 3 1 
2 3 1 0 
0 -1 1 2 
15596 4
5 7 8 9 
3 5 3 1 
0 3 2 0 
-1 -1 0 2 
15596 4
5 7 8 9 
3 5 3 1 
0 3 2 0 
0 2 0 -1 
15596 4
5 7 8 9 
3 5 3 1 
0 3 2 0 
0 0 2 0 
15620 4
5 7 8 9 
3 5 3 1 
1 3 3 1 
-1 0 0 -1 
15660 4
5 7 8 9 
3 5 4 2 
1 3 0 -1 
0 0 -1 -1 
15664 4
5 7 8 9 
3 5 4 2 
1 3 0 0 
1 -1 -1 -1 
15672 4
5 7 8 9 
3 5 4 2 
2 3 0 0 
1 -1 -1 -1 
15676 4
5 7 8 9 
3 5 4 2 
2 3 1 0 
1 -1 -1 -1 
15676 4
5 7 8 9 
3 5 4 2 
2 3 1 0 
-1 -1 0 1 
15676 4
5 7 8 9 
3 5 4 2 
2 3 1 0 
0 1 0 -1 
15676 4
5 7 8 9 
3 5 4 2 
2 3 1 0 
0 0 1 0 
15688 4
5 7 8 9 
3 5 4 2 
2 3 2 1 
0 0 -1 0 
15692 4
5 7 8 9 
3 5 4 2 
2 3 2 1 
1 0 -1 0 
15696 4
5 7 8 9 
3 5 4 2 
2 3 2 1 
1 1 0 -1 
15704 4
5 7 8 9 
3 5 4 2 
2 3 2 1 
2 0 0 -1 
15720 4
5 7 8 9 
3 5 4 2 
3 3 2 1 
-1 0 0 0 
15756 4
5 7 8 9 
3 5 4 2 
0 4 2 1 
-1 -1 0 1 
15764 4
5 7 8 9 
3 5 4 2 
0 4 2 2 
-1 -1 0 0 
15784 4
5 7 8 9 
3 5 4 2 
-1 0 4 3 
-1 0 -1 1 
15852 4
5 7 8 9 
3 5 5 2 
-1 1 -1 3 
-1 -1 0 1 
15980 4
5 7 8 9 
3 6 2 -1 
1 3 -1 -1 
0 1 -1 0 
15980 4
5 7 8 9 
-1 3 6 2 
-1 0 1 3 
-1 0 1 0 
15992 4
5 7 8 9 
0 3 6 2 
-1 1 2 3 
-1 -1 -1 0 
15992 4
5 7 8 9 
0 3 6 2 
1 2 3 0 
0 -1 -1 -1 
15992 4
5 7 8 9 
0 3 6 2 
1 2 3 0 
0 -1 -1 0 
15996 4
5 7 8 9 
0 3 6 2 
1 2 3 1 
0 0 -1 -1 
16000 4
5 7 8 9 
0 3 6 2 
1 2 3 1 
1 -1 -1 0 
16008 4
5 7 8 9 
0 3 6 2 
2 2 3 1 
-1 0 -1 0 
16028 4
5 7 8 9 
0 3 6 2 
-1 3 3 1 
-1 0 -1 1 
16068 4
5 7 8 9 
0 4 6 2 
-1 0 3 2 
-1 -1 -1 0 
16068 4
5 7 8 9 
0 4 6 2 
0 3 2 0 
0 -1 -1 -1 
16072 4
5 7 8 9 
1 4 6 2 
0 3 2 0 
1 -1 -1 -1 
16072 4
5 7 8 9 
1 4 6 2 
0 3 2 0 
-1 -1 0 1 
16072 4
5 7 8 9 
1 4 6 2 
0 3 2 0 
0 1 0 -1 
16076 4
5 7 8 9 
1 4 6 2 
1 3 2 0 
-1 1 0 0 
16088 4
5 7 8 9 
2 4 6 2 
-1 3 2 1 
-1 1 0 0 
16092 4
5 7 8 9 
2 4 6 2 
-1 3 2 1 
-1 0 1 1 
16100 4
5 7 8 9 
2 4 6 2 
0 3 2 2 
-1 0 1 -1 
16116 4
5 7 8 9 
2 4 6 3 
0 3 2 -1 
0 0 1 -1 
16120 4
5 7 8 9 
2 4 6 3 
0 0 3 2 
-1 -1 1 1 
16132 4
5 7 8 9 
2 4 6 3 
0 1 3 2 
-1 -1 -1 2 
16148 4
5 7 8 9 
2 4 6 3 
0 1 3 3 
-1 -1 0 -1 
16180 4
5 7 8 9 
2 4 6 4 
0 1 3 -1 
-1 -1 0 0 
16184 4
5 7 8 9 
2 4 6 4 
0 1 3 -1 
1 0 -1 -1 
16184 4
5 7 8 9 
2 4 6 4 
0 0 1 3 
-1 -1 1 0 
16188 4
5 7 8 9 
2 4 6 4 
1 1 3 -1 
1 0 0 -1 
16200 4
5 7 8 9 
2 4 6 4 
2 3 0 -1 
1 1 -1 -1 
16216 4
5 7 8 9 
3 4 6 4 
1 3 0 -1 
-1 1 -1 0 
16216 4
5 7 8 9 
3 4 6 4 
-1 1 3 0 
0 -1 1 0 
16220 4
5 7 8 9 
3 4 6 4 
0 1 3 1 
-1 -1 1 0 
16220 4
5 7 8 9 
3 4 6 4 
0 1 3 1 
1 0 -1 0 
16224 4
5 7 8 9 
3 4 6 4 
0 1 3 1 
-1 0 1 1 
16232 4
5 7 8 9 
3 4 6 4 
0 1 3 1 
0 2 0 -1 
16236 4
5 7 8 9 
3 4 6 4 
1 1 3 1 
0 2 0 -1 
16244 4
5 7 8 9 
3 4 6 4 
0 2 3 1 
-1 0 2 0 
16244 4
5 7 8 9 
3 4 6 4 
0 2 3 1 
0 2 0 1 
16272 4
5 7 8 9 
3 4 6 4 
1 3 3 2 
0 -1 0 -1 
16308 4
5 7 8 9 
3 4 6 4 
1 4 2 -1 
1 -1 -1 0 
16380 4
5 7 8 9 
3 5 6 4 
2 -1 2 0 
-1 -1 -1 1 
16396 4
5 7 8 9 
3 5 6 4 
-1 -1 3 0 
-1 0 -1 1 
16396 4
5 7 8 9 
3 5 6 4 
3 0 0 -1 
0 1 -1 -1 
16428 4
5 7 8 9 
4 5 6 4 
0 0 0 -1 
0 1 -1 -1 
16432 4
5 7 8 9 
4 5 6 4 
1 0 0 -1 
0 1 -1 -1 
16436 4
5 7 8 9 
4 5 6 4 
-1 -1 1 1 
0 -1 0 1 
16448 4
5 7 8 9 
4 5 6 4 
2 0 -1 -1 
1 1 -1 -1 
16456 4
5 7 8 9 
4 5 6 4 
2 0 -1 -1 
2 -1 -1 0 
16472 4
5 7 8 9 
4 5 6 4 
3 0 0 0 
-1 -1 -1 -1 
16476 4
5 7 8 9 
4 5 6 4 
3 1 0 0 
-1 -1 -1 -1 
16480 4
5 7 8 9 
4 5 6 4 
3 1 1 -1 
-1 -1 -1 0 
16488 4
5 7 8 9 
4 5 6 4 
3 2 -1 -1 
0 0 -1 -1 
16492 4
5 7 8 9 
4 5 6 4 
3 2 -1 -1 
1 -1 -1 0 
16492 4
5 7 8 9 
4 5 6 4 
-1 -1 3 2 
0 -1 1 0 
16492 4
5 7 8 9 
4 5 6 4 
3 2 0 -1 
0 1 0 -1 
16496 4
5 7 8 9 
4 5 6 4 
3 2 1 0 
0 1 -1 -1 
16496 4
5 7 8 9 
4 5 6 4 
3 2 1 0 
0 -1 0 1 
16500 4
5 7 8 9 
4 5 6 4 
3 2 1 0 
1 1 0 -1 
16508 4
5 7 8 9 
4 5 6 4 
3 2 1 0 
0 -1 2 0 
16508 4
5 7 8 9 
4 5 6 4 
3 2 1 0 
0 2 0 0 
16528 4
5 7 8 9 
4 5 6 4 
3 3 1 1 
0 0 0 -1 
16572 4
5 7 8 9 
4 5 6 4 
4 2 0 -1 
1 0 -1 -1 
16636 4
5 7 8 9 
5 5 6 4 
1 2 0 0 
-1 0 -1 -1 
16768 4
5 7 8 9 
-1 6 6 4 
-1 1 2 1 
0 -1 -1 0 
16768 4
5 7 8 9 
0 6 6 4 
0 1 2 1 
-1 -1 -1 0 
17024 4
5 7 8 9 
0 7 4 -1 
0 1 2 1 
0 -1 0 -1 
17540 4
5 8 8 9 
1 1 4 1 
0 -1 2 -1 
0 -1 0 -1 
18576 4
-1 5 9 9 
0 2 4 1 
-1 -1 0 2 
-1 -1 -1 1 
